21 12
0.053015 0.030267 0.000000 0.052744 0.031155 0.000000 0.052234 0.032217 0.000000 0.051508 0.033435 0.000000 0.050718 0.034657 0.000000 0.049948 0.035587 0.000000 0.049420 0.034756 0.000000 0.048379 0.031980 0.000000 0.047777 0.027294 0.000000 0.020014 0.046373 0.000000 0.018795 0.048181 0.000000 0.014115 0.049561 0.000000 0.016230 0.051819 0.000000 0.018940 0.046419 0.000000 0.025370 0.041018 0.000000 0.033013 0.037485 0.000000 0.035843 0.038675 0.000000 0.039839 0.038599 0.000000 0.040254 0.038813 0.000000 0.039347 0.038964 0.000000 0.038057 0.038301 0.000000 
0.053154 0.029446 0.000000 0.053142 0.030197 0.000000 0.052852 0.031046 0.000000 0.052312 0.032140 0.000000 0.051464 0.033478 0.000000 0.050739 0.034903 0.000000 0.049640 0.037056 0.000000 0.048813 0.034975 0.000000 0.028259 0.046949 0.000000 0.025420 0.048466 0.000000 0.039905 0.005591 0.000000 0.054072 0.023273 0.000000 0.053140 0.005854 0.000000 0.048879 0.020055 0.000000 0.029203 0.030987 0.000000 0.038059 0.029989 0.000000 0.043120 0.039075 0.000000 0.039828 0.037322 0.000000 0.040918 0.040340 0.000000 0.036753 0.037625 0.000000 0.038500 0.038190 0.000000 
0.053037 0.027924 0.000000 0.053660 0.028477 0.000000 0.053744 0.028970 0.000000 0.053800 0.029595 0.000000 0.053140 0.030703 0.000000 0.051989 0.032681 0.000000 0.050576 0.034959 0.000000 0.041135 0.049432 0.000000 0.035153 0.047903 0.000000 0.038428 0.007762 0.000000 0.057689 0.043234 0.000000 0.046898 0.029989 0.000000 0.062575 0.021546 0.000000 0.042646 0.011980 0.000000 0.061884 0.010893 0.000000 0.063893 0.012902 0.000000 0.063736 0.012745 0.000000 0.054322 0.048832 0.000000 0.032343 0.025419 0.000000 0.039383 0.037963 0.000000 0.034973 0.040847 0.000000 
0.051953 0.026294 0.000000 0.053361 0.026695 0.000000 0.054638 0.027150 0.000000 0.054095 0.026865 0.000000 0.056338 0.027169 0.000000 0.053227 0.027793 0.000000 0.054106 0.030510 0.000000 0.032972 0.047929 0.000000 0.050943 0.053759 0.000000 0.048310 0.040118 0.000000 0.036340 0.016800 0.000000 0.044958 0.038211 0.000000 0.038704 0.044634 0.000000 0.061617 0.010626 0.000000 0.065838 0.014848 0.000000 0.068028 0.017037 0.000000 0.067850 0.016860 0.000000 0.065351 0.014360 0.000000 0.042400 0.048545 0.000000 0.046860 0.028689 0.000000 0.037299 0.041139 0.000000 
0.049159 0.024868 0.000000 0.051494 0.024997 0.000000 0.053424 0.025519 0.000000 0.057171 0.026560 0.000000 0.049280 0.022576 0.000000 0.069843 0.024614 0.000000 0.022663 0.038690 0.000000 0.058796 0.025325 0.000000 0.017659 0.030805 0.000000 0.047548 0.025768 0.000000 0.053454 0.041688 0.000000 0.034858 0.016862 0.000000 0.059245 0.026129 0.000000 0.064223 0.013232 0.000000 0.068722 0.017732 0.000000 0.071408 0.020417 0.000000 0.071169 0.020178 0.000000 0.068174 0.017183 0.000000 0.063437 0.012446 0.000000 0.056419 0.025311 0.000000 0.050642 0.034732 0.000000 
0.039818 0.030986 0.000000 0.051403 0.016236 0.000000 0.045958 0.030533 0.000000 0.057439 0.026348 0.000000 0.064837 0.029359 0.000000 0.070738 0.035748 0.000000 0.043276 0.054299 0.000000 0.064520 0.047531 0.000000 0.030271 0.032676 0.000000 -0.006073 0.006488 0.000000 0.042983 0.038393 0.000000 0.004120 -0.000530 0.000000 0.039235 0.039076 0.000000 0.065558 0.014567 0.000000 0.070378 0.019387 0.000000 0.048512 0.048512 0.000000 0.073584 0.022593 0.000000 0.069756 0.018765 0.000000 0.064754 0.013764 0.000000 0.046945 0.048493 0.000000 0.051194 0.041857 0.000000 
0.039818 0.030986 0.000000 0.051403 0.016236 0.000000 0.045958 0.030533 0.000000 0.057439 0.026348 0.000000 0.064837 0.029359 0.000000 0.070738 0.035748 0.000000 0.043276 0.054299 0.000000 0.064520 0.047531 0.000000 0.030271 0.032676 0.000000 -0.006073 0.006488 0.000000 0.042983 0.038393 0.000000 0.004120 -0.000530 0.000000 0.039235 0.039076 0.000000 0.065558 0.014567 0.000000 0.070378 0.019387 0.000000 0.048512 0.048512 0.000000 0.073584 0.022593 0.000000 0.069756 0.018765 0.000000 0.064754 0.013764 0.000000 0.046945 0.048493 0.000000 0.051194 0.041857 0.000000 
0.049159 0.024868 0.000000 0.051494 0.024997 0.000000 0.053424 0.025519 0.000000 0.057171 0.026560 0.000000 0.049280 0.022576 0.000000 0.069843 0.024614 0.000000 0.022663 0.038690 0.000000 0.058796 0.025325 0.000000 0.017659 0.030805 0.000000 0.047548 0.025768 0.000000 0.053454 0.041688 0.000000 0.034858 0.016862 0.000000 0.059245 0.026129 0.000000 0.064223 0.013232 0.000000 0.068722 0.017732 0.000000 0.071408 0.020417 0.000000 0.071169 0.020178 0.000000 0.068174 0.017183 0.000000 0.063437 0.012446 0.000000 0.056419 0.025311 0.000000 0.050642 0.034732 0.000000 
0.051953 0.026294 0.000000 0.053361 0.026695 0.000000 0.054638 0.027150 0.000000 0.054095 0.026865 0.000000 0.056338 0.027169 0.000000 0.053227 0.027793 0.000000 0.054106 0.030510 0.000000 0.032972 0.047929 0.000000 0.050943 0.053759 0.000000 0.048310 0.040118 0.000000 0.036340 0.016800 0.000000 0.044958 0.038211 0.000000 0.038704 0.044634 0.000000 0.061617 0.010626 0.000000 0.065838 0.014848 0.000000 0.068028 0.017037 0.000000 0.067850 0.016860 0.000000 0.065351 0.014360 0.000000 0.042400 0.048545 0.000000 0.046860 0.028689 0.000000 0.037299 0.041139 0.000000 
0.053037 0.027924 0.000000 0.053660 0.028477 0.000000 0.053744 0.028970 0.000000 0.053800 0.029595 0.000000 0.053140 0.030703 0.000000 0.051989 0.032681 0.000000 0.050576 0.034959 0.000000 0.041135 0.049432 0.000000 0.035153 0.047903 0.000000 0.038428 0.007762 0.000000 0.057689 0.043234 0.000000 0.046898 0.029989 0.000000 0.062575 0.021546 0.000000 0.042646 0.011980 0.000000 0.061884 0.010893 0.000000 0.063893 0.012902 0.000000 0.063736 0.012745 0.000000 0.054322 0.048832 0.000000 0.032343 0.025419 0.000000 0.039383 0.037963 0.000000 0.034973 0.040847 0.000000 
0.053154 0.029446 0.000000 0.053142 0.030197 0.000000 0.052852 0.031046 0.000000 0.052312 0.032140 0.000000 0.051464 0.033478 0.000000 0.050739 0.034903 0.000000 0.049640 0.037056 0.000000 0.048813 0.034975 0.000000 0.028259 0.046949 0.000000 0.025420 0.048466 0.000000 0.039905 0.005591 0.000000 0.054072 0.023273 0.000000 0.053140 0.005854 0.000000 0.048879 0.020055 0.000000 0.029203 0.030987 0.000000 0.038059 0.029989 0.000000 0.043120 0.039075 0.000000 0.039828 0.037322 0.000000 0.040918 0.040340 0.000000 0.036753 0.037625 0.000000 0.038500 0.038190 0.000000 
0.053015 0.030267 0.000000 0.052744 0.031155 0.000000 0.052234 0.032217 0.000000 0.051508 0.033435 0.000000 0.050718 0.034657 0.000000 0.049948 0.035587 0.000000 0.049420 0.034756 0.000000 0.048379 0.031980 0.000000 0.047777 0.027294 0.000000 0.020014 0.046373 0.000000 0.018795 0.048181 0.000000 0.014115 0.049561 0.000000 0.016230 0.051819 0.000000 0.018940 0.046419 0.000000 0.025370 0.041018 0.000000 0.033013 0.037485 0.000000 0.035843 0.038675 0.000000 0.039839 0.038599 0.000000 0.040254 0.038813 0.000000 0.039347 0.038964 0.000000 0.038057 0.038301 0.000000 
6.333133 8.155637 9.357199 10.209455 10.790900 11.305934 12.122897 14.533361 18.814341 114.272598 116.189444 114.946343 108.528625 104.656285 97.782642 104.061984 106.155098 123.363400 0.000000 0.000000 0.000000 
184.125824 6.717937 8.391775 9.470368 10.367098 10.699668 11.095238 12.163319 106.060547 112.760902 32.079500 23.727929 17.788500 7.651729 -3.408425 181.039911 123.363400 112.700190 152.368585 -12.310153 0.000000 
178.667741 182.961981 6.160793 7.726483 8.996991 10.465798 10.537967 100.584429 101.470332 19.426525 28.067250 32.502645 188.201750 17.056667 -12.647658 -3.847756 5.136269 137.047323 77.689847 160.904406 209.320530 
169.523625 175.467421 181.827937 5.618384 5.923459 8.899040 11.330947 99.698526 43.384964 5.285945 98.415000 67.892633 65.073880 -28.109350 -107.440633 -95.379111 -82.827601 19.077432 15.702840 119.320530 156.696099 
156.318940 163.346156 170.534797 3.432084 4.121000 0.208000 108.297283 17.866500 82.931794 27.720063 14.915200 48.422483 31.671985 -41.677607 -117.636554 -98.918874 -78.154855 -60.040852 43.321670 104.071667 111.696099 
144.448719 142.013465 159.008427 2.601625 1.082250 29.071020 124.860252 183.421500 92.997500 27.216333 61.560332 -2.004750 59.494397 -159.473112 -147.518424 0.000000 -57.821897 -30.040885 70.533698 79.464000 104.071667 
-144.448719 -142.013465 -159.008427 -2.601625 -1.082250 -29.071020 -124.860252 -183.421500 -92.997500 -27.216333 -61.560332 2.004750 -59.494397 159.473112 147.518424 0.000000 57.821897 30.040885 109.466302 -79.464000 -104.071667 
-156.318940 -163.346156 -170.534797 -3.432084 -4.121000 -0.208000 -108.297283 -17.866500 -82.931794 -27.720063 -14.915200 -48.422483 -31.671985 221.677607 117.636554 98.918874 78.154855 60.040852 136.678330 -104.071667 -111.696099 
-169.523625 -175.467421 -181.827937 -5.618384 -5.923459 -8.899040 -11.330947 -99.698526 -43.384964 -5.285945 -98.415000 -67.892633 -65.073880 208.109350 107.440633 95.379111 82.827601 160.922568 -15.702840 -119.320530 -156.696099 
-178.667741 -182.961981 -6.160793 -7.726483 -8.996991 -10.465798 -10.537967 -100.584429 -101.470332 -19.426525 -28.067250 -32.502645 -188.201750 -17.056667 192.647658 183.847756 174.863731 -137.047323 -77.689847 -160.904406 -209.320530 
-184.125824 -6.717937 -8.391775 -9.470368 -10.367098 -10.699668 -11.095238 -12.163319 -106.060547 -112.760902 -32.079500 -23.727929 -17.788500 -7.651729 3.408425 -181.039911 -123.363400 -112.700190 -152.368585 12.310153 -0.000000 
-6.333133 -8.155637 -9.357199 -10.209455 -10.790900 -11.305934 -12.122897 -14.533361 -18.814341 -114.272598 -116.189444 -114.946343 -108.528625 -104.656285 -97.782642 -104.061984 -106.155098 -123.363400 -0.000000 -0.000000 -0.000000 
