21 12
0.031594 0.021546 0.000000 0.031548 0.020051 0.000000 0.018829 0.032162 0.000000 0.018748 0.033688 0.000000 0.036511 0.019659 0.000000 0.039658 0.022547 0.000000 0.039363 0.024673 0.000000 0.035876 0.028959 0.000000 0.031994 0.027302 0.000000 0.022890 0.030942 0.000000 0.021269 0.037624 0.000000 0.016595 0.039139 0.000000 0.018382 0.038856 0.000000 0.021081 0.041404 0.000000 0.031454 0.040624 0.000000 0.037530 0.044082 0.000000 0.046482 0.032959 0.000000 0.049973 0.029960 0.000000 0.053287 0.028792 0.000000 0.049483 0.030511 0.000000 0.048576 0.032204 0.000000 
0.032089 0.022872 0.000000 0.031167 0.021739 0.000000 0.019569 0.031298 0.000000 0.018144 0.031476 0.000000 0.033057 0.018421 0.000000 0.036661 0.017853 0.000000 0.042613 0.024779 0.000000 0.041048 0.025845 0.000000 0.036318 0.026259 0.000000 0.023134 0.028706 0.000000 0.023652 0.003311 0.000000 0.051935 0.028785 0.000000 0.034990 0.004662 0.000000 0.026236 0.020364 0.000000 0.056696 0.032079 0.000000 0.028974 0.043104 0.000000 0.040861 0.029173 0.000000 0.061997 0.027172 0.000000 0.047301 0.028655 0.000000 0.047575 0.033802 0.000000 0.047064 0.031564 0.000000 
0.034282 0.023791 0.000000 0.031186 0.025734 0.000000 0.022501 0.029698 0.000000 0.018767 0.030215 0.000000 0.025499 0.015108 0.000000 0.029350 0.017114 0.000000 0.036612 0.010260 0.000000 0.034862 0.046809 0.000000 0.039924 0.007352 0.000000 0.030830 0.005648 0.000000 0.035104 0.025768 0.000000 0.048275 0.030668 0.000000 0.016982 0.025016 0.000000 0.036112 0.046944 0.000000 0.051287 0.022243 0.000000 0.037277 0.040003 0.000000 0.031818 0.022921 0.000000 0.023252 0.001699 0.000000 0.043633 0.045438 0.000000 0.043962 0.030206 0.000000 0.045874 0.030149 0.000000 
0.037413 0.023556 0.000000 0.037099 0.023870 0.000000 0.035170 0.024823 0.000000 0.029716 0.015359 0.000000 0.032339 0.004139 0.000000 0.015967 -0.005681 0.000000 0.032532 0.022094 0.000000 0.028944 0.029948 0.000000 0.022978 -0.006083 0.000000 0.040007 0.027219 0.000000 0.045832 0.039327 0.000000 0.030152 0.017789 0.000000 0.044523 0.014064 0.000000 0.043568 0.040773 0.000000 0.029910 0.018162 0.000000 0.040652 0.023295 0.000000 0.048083 0.051639 0.000000 0.044000 0.021619 0.000000 0.033696 0.015158 0.000000 0.045936 0.026290 0.000000 0.047931 0.023024 0.000000 
0.041535 0.025774 0.000000 0.038576 0.017594 0.000000 0.050946 0.015863 0.000000 0.052717 0.049444 0.000000 0.041938 0.017459 0.000000 0.022325 0.009955 0.000000 0.022722 0.034831 0.000000 0.011718 0.023167 0.000000 0.031184 0.028711 0.000000 0.051174 0.034468 0.000000 0.028596 0.036763 0.000000 0.039485 0.040264 0.000000 0.050509 0.055913 0.000000 0.044633 0.021500 0.000000 0.032566 0.027328 0.000000 0.040838 0.029197 0.000000 0.043551 0.030051 0.000000 0.030936 0.040247 0.000000 0.047247 0.026710 0.000000 0.053208 0.011890 0.000000 0.053570 0.018656 0.000000 
0.038899 0.031905 0.000000 0.028489 0.050328 0.000000 0.037595 0.017478 0.000000 0.032741 0.020166 0.000000 0.020768 0.019205 0.000000 0.027028 0.029250 0.000000 0.027117 0.017389 0.000000 0.033650 0.018190 0.000000 0.041348 0.012713 0.000000 0.032678 0.024029 0.000000 0.035836 0.030297 0.000000 0.059733 0.036292 0.000000 0.039144 0.037280 0.000000 0.055151 0.042062 0.000000 0.009438 0.003067 0.000000 0.014609 0.027541 0.000000 0.031762 0.035713 0.000000 0.035034 0.017520 0.000000 0.041609 0.017080 0.000000 0.060692 0.016914 0.000000 0.058946 0.015988 0.000000 
0.038899 0.031905 0.000000 0.028489 0.050328 0.000000 0.037595 0.017478 0.000000 0.032741 0.020166 0.000000 0.020768 0.019205 0.000000 0.027028 0.029250 0.000000 0.027117 0.017389 0.000000 0.033650 0.018190 0.000000 0.041348 0.012713 0.000000 0.032678 0.024029 0.000000 0.035836 0.030297 0.000000 0.059733 0.036292 0.000000 0.039144 0.037280 0.000000 0.055151 0.042062 0.000000 0.009438 0.003067 0.000000 0.014609 0.027541 0.000000 0.031762 0.035713 0.000000 0.035034 0.017520 0.000000 0.041609 0.017080 0.000000 0.060692 0.016914 0.000000 0.058946 0.015988 0.000000 
0.041535 0.025774 0.000000 0.038576 0.017594 0.000000 0.050946 0.015863 0.000000 0.052717 0.049444 0.000000 0.041938 0.017459 0.000000 0.022325 0.009955 0.000000 0.022722 0.034831 0.000000 0.011718 0.023167 0.000000 0.031184 0.028711 0.000000 0.051174 0.034468 0.000000 0.028596 0.036763 0.000000 0.039485 0.040264 0.000000 0.050509 0.055913 0.000000 0.044633 0.021500 0.000000 0.032566 0.027328 0.000000 0.040838 0.029197 0.000000 0.043551 0.030051 0.000000 0.030936 0.040247 0.000000 0.047247 0.026710 0.000000 0.053208 0.011890 0.000000 0.053570 0.018656 0.000000 
0.037413 0.023556 0.000000 0.037099 0.023870 0.000000 0.035170 0.024823 0.000000 0.029716 0.015359 0.000000 0.032339 0.004139 0.000000 0.015967 -0.005681 0.000000 0.032532 0.022094 0.000000 0.028944 0.029948 0.000000 0.022978 -0.006083 0.000000 0.040007 0.027219 0.000000 0.045832 0.039327 0.000000 0.030152 0.017789 0.000000 0.044523 0.014064 0.000000 0.043568 0.040773 0.000000 0.029910 0.018162 0.000000 0.040652 0.023295 0.000000 0.048083 0.051639 0.000000 0.044000 0.021619 0.000000 0.033696 0.015158 0.000000 0.045936 0.026290 0.000000 0.047931 0.023024 0.000000 
0.034282 0.023791 0.000000 0.031186 0.025734 0.000000 0.022501 0.029698 0.000000 0.018767 0.030215 0.000000 0.025499 0.015108 0.000000 0.029350 0.017114 0.000000 0.036612 0.010260 0.000000 0.034862 0.046809 0.000000 0.039924 0.007352 0.000000 0.030830 0.005648 0.000000 0.035104 0.025768 0.000000 0.048275 0.030668 0.000000 0.016982 0.025016 0.000000 0.036112 0.046944 0.000000 0.051287 0.022243 0.000000 0.037277 0.040003 0.000000 0.031818 0.022921 0.000000 0.023252 0.001699 0.000000 0.043633 0.045438 0.000000 0.043962 0.030206 0.000000 0.045874 0.030149 0.000000 
0.032089 0.022872 0.000000 0.031167 0.021739 0.000000 0.019569 0.031298 0.000000 0.018144 0.031476 0.000000 0.033057 0.018421 0.000000 0.036661 0.017853 0.000000 0.042613 0.024779 0.000000 0.041048 0.025845 0.000000 0.036318 0.026259 0.000000 0.023134 0.028706 0.000000 0.023652 0.003311 0.000000 0.051935 0.028785 0.000000 0.034990 0.004662 0.000000 0.026236 0.020364 0.000000 0.056696 0.032079 0.000000 0.028974 0.043104 0.000000 0.040861 0.029173 0.000000 0.061997 0.027172 0.000000 0.047301 0.028655 0.000000 0.047575 0.033802 0.000000 0.047064 0.031564 0.000000 
0.031594 0.021546 0.000000 0.031548 0.020051 0.000000 0.018829 0.032162 0.000000 0.018748 0.033688 0.000000 0.036511 0.019659 0.000000 0.039658 0.022547 0.000000 0.039363 0.024673 0.000000 0.035876 0.028959 0.000000 0.031994 0.027302 0.000000 0.022890 0.030942 0.000000 0.021269 0.037624 0.000000 0.016595 0.039139 0.000000 0.018382 0.038856 0.000000 0.021081 0.041404 0.000000 0.031454 0.040624 0.000000 0.037530 0.044082 0.000000 0.046482 0.032959 0.000000 0.049973 0.029960 0.000000 0.053287 0.028792 0.000000 0.049483 0.030511 0.000000 0.048576 0.032204 0.000000 
154.965777 157.292957 69.132084 68.890372 155.070108 150.868494 150.688798 157.288437 168.724358 85.343899 93.594139 98.298347 101.385774 90.575194 91.989507 96.649613 116.563021 117.751387 117.322172 112.546982 110.979313 
152.690129 154.914245 67.832542 70.673338 160.927670 153.414160 148.502524 143.550073 78.376792 97.626667 161.778000 21.377750 26.443500 169.423500 155.048000 42.911333 113.383139 123.308000 110.907129 109.411645 107.321420 
148.087922 150.465393 62.226959 69.539499 167.156073 -7.728045 139.468000 72.489500 103.866000 39.525000 -4.662333 182.399500 124.517750 158.721857 92.003143 93.629000 122.384750 91.662000 79.542000 100.005633 101.290883 
140.216977 146.755073 55.047000 143.648000 0.918750 95.527500 26.943000 129.027667 88.615667 81.424750 65.623667 73.532000 80.762667 86.980143 128.822000 35.573000 124.636714 120.465000 94.654400 94.455371 97.196002 
127.661108 135.986333 153.760000 65.402200 107.993000 151.201333 114.761250 113.088667 26.966000 28.204333 172.936333 154.680000 22.082200 1.310400 119.511000 171.098000 41.946167 72.328000 91.584714 97.127000 94.085790 
135.328778 182.574250 14.136000 130.689000 90.513111 56.320000 87.969833 90.683000 95.807500 164.086833 22.284500 28.931500 179.499000 12.629500 66.499000 29.187000 129.904200 98.774000 109.371800 90.675000 92.375667 
-135.328778 -182.574250 -14.136000 -130.689000 -90.513111 -56.320000 -87.969833 -90.683000 -95.807500 -164.086833 -22.284500 -28.931500 -179.499000 -12.629500 -66.499000 -29.187000 -129.904200 -98.774000 -109.371800 -90.675000 -92.375667 
-127.661108 -135.986333 -153.760000 -65.402200 -107.993000 -151.201333 -114.761250 -113.088667 -26.966000 -28.204333 -172.936333 -154.680000 -22.082200 -1.310400 -119.511000 -171.098000 -41.946167 -72.328000 -91.584714 -97.127000 -94.085790 
-140.216977 -146.755073 -55.047000 -143.648000 -0.918750 -95.527500 -26.943000 -129.027667 -88.615667 -81.424750 -65.623667 -73.532000 -80.762667 -86.980143 -128.822000 -35.573000 -124.636714 -120.465000 -94.654400 -94.455371 -97.196002 
-148.087922 -150.465393 -62.226959 -69.539499 -167.156073 7.728045 -139.468000 -72.489500 -103.866000 -39.525000 4.662333 -182.399500 -124.517750 -158.721857 -92.003143 -93.629000 -122.384750 -91.662000 -79.542000 -100.005633 -101.290883 
-152.690129 -154.914245 -67.832542 -70.673338 -160.927670 -153.414160 -148.502524 -143.550073 -78.376792 -97.626667 -161.778000 -21.377750 -26.443500 -169.423500 -155.048000 -42.911333 -113.383139 -123.308000 -110.907129 -109.411645 -107.321420 
-154.965777 -157.292957 -69.132084 -68.890372 -155.070108 -150.868494 -150.688798 -157.288437 -168.724358 -85.343899 -93.594139 -98.298347 -101.385774 -90.575194 -91.989507 -96.649613 -116.563021 -117.751387 -117.322172 -112.546982 -110.979313 
