41 10 
426.600000 793.770000 426.600000 59.430000 426.600000 793.770000 426.600000 59.430000 426.600000 793.770000 426.600000 59.430000 426.600000 793.770000 426.600000 59.430000 426.600000 793.770000 426.600000 59.430000 426.600000 793.770000 426.600000 59.430000 426.600000 793.770000 426.600000 59.430000 426.600000 793.770000 426.600000 59.430000 426.600000 793.770000 426.600000 59.430000 426.600000 793.770000 426.600000 59.430000 426.600000 
426.600000 793.770000 426.600000 59.430000 426.600000 793.770000 426.600000 59.430000 426.600000 793.770000 426.600000 59.430000 426.600000 793.770000 426.600000 59.430000 426.600000 793.770000 426.600000 59.430000 426.600000 793.770000 426.600000 59.430000 426.600000 793.770000 426.600000 59.430000 426.600000 793.770000 426.600000 59.430000 426.600000 793.770000 426.600000 59.430000 426.600000 793.770000 426.600000 59.430000 426.600000 
426.600000 793.770000 426.600000 59.430000 426.600000 793.770000 426.600000 59.430000 426.600000 793.770000 426.600000 59.430000 426.600000 793.770000 426.600000 59.430000 426.600000 793.770000 426.600000 59.430000 426.600000 793.770000 426.600000 59.430000 426.600000 793.770000 426.600000 59.430000 426.600000 793.770000 426.600000 59.430000 426.600000 793.770000 426.600000 59.430000 426.600000 793.770000 426.600000 59.430000 426.600000 
426.600000 793.770000 426.600000 59.430000 426.600000 793.770000 426.600000 59.430000 426.600000 793.770000 426.600000 59.430000 426.600000 793.770000 426.600000 59.430000 426.600000 793.770000 426.600000 59.430000 426.600000 793.770000 426.600000 59.430000 426.600000 793.770000 426.600000 59.430000 426.600000 793.770000 426.600000 59.430000 426.600000 793.770000 426.600000 59.430000 426.600000 793.770000 426.600000 59.430000 426.600000 
426.600000 793.770000 426.600000 59.430000 426.600000 793.770000 426.600000 59.430000 426.600000 793.770000 426.600000 59.430000 426.600000 793.770000 426.600000 59.430000 426.600000 793.770000 426.600000 59.430000 426.600000 793.770000 426.600000 59.430000 426.600000 793.770000 426.600000 59.430000 426.600000 793.770000 426.600000 59.430000 426.600000 793.770000 426.600000 59.430000 426.600000 793.770000 426.600000 59.430000 426.600000 
426.600000 793.770000 426.600000 59.430000 426.600000 793.770000 426.600000 59.430000 426.600000 793.770000 426.600000 59.430000 426.600000 793.770000 426.600000 59.430000 426.600000 793.770000 426.600000 59.430000 426.600000 793.770000 426.600000 59.430000 426.600000 793.770000 426.600000 59.430000 426.600000 793.770000 426.600000 59.430000 426.600000 793.770000 426.600000 59.430000 426.600000 793.770000 426.600000 59.430000 426.600000 
426.600000 793.770000 426.600000 59.430000 426.600000 793.770000 426.600000 59.430000 426.600000 793.770000 426.600000 59.430000 426.600000 793.770000 426.600000 59.430000 426.600000 793.770000 426.600000 59.430000 426.600000 793.770000 426.600000 59.430000 426.600000 793.770000 426.600000 59.430000 426.600000 793.770000 426.600000 59.430000 426.600000 793.770000 426.600000 59.430000 426.600000 793.770000 426.600000 59.430000 426.600000 
426.600000 793.770000 426.600000 59.430000 426.600000 793.770000 426.600000 59.430000 426.600000 793.770000 426.600000 59.430000 426.600000 793.770000 426.600000 59.430000 426.600000 793.770000 426.600000 59.430000 426.600000 793.770000 426.600000 59.430000 426.600000 793.770000 426.600000 59.430000 426.600000 793.770000 426.600000 59.430000 426.600000 793.770000 426.600000 59.430000 426.600000 793.770000 426.600000 59.430000 426.600000 
426.600000 793.770000 426.600000 59.430000 426.600000 793.770000 426.600000 59.430000 426.600000 793.770000 426.600000 59.430000 426.600000 793.770000 426.600000 59.430000 426.600000 793.770000 426.600000 59.430000 426.600000 793.770000 426.600000 59.430000 426.600000 793.770000 426.600000 59.430000 426.600000 793.770000 426.600000 59.430000 426.600000 793.770000 426.600000 59.430000 426.600000 793.770000 426.600000 59.430000 426.600000 
426.600000 793.770000 426.600000 59.430000 426.600000 793.770000 426.600000 59.430000 426.600000 793.770000 426.600000 59.430000 426.600000 793.770000 426.600000 59.430000 426.600000 793.770000 426.600000 59.430000 426.600000 793.770000 426.600000 59.430000 426.600000 793.770000 426.600000 59.430000 426.600000 793.770000 426.600000 59.430000 426.600000 793.770000 426.600000 59.430000 426.600000 793.770000 426.600000 59.430000 426.600000 
