41 10 
37.490000 37.490000 37.490000 37.490000 37.490000 37.490000 37.490000 37.490000 37.490000 37.490000 37.490000 37.490000 37.490000 37.490000 37.490000 37.490000 37.490000 37.490000 37.490000 37.490000 37.490000 37.490000 37.490000 37.490000 37.490000 37.490000 37.490000 37.490000 37.490000 37.490000 37.490000 37.490000 37.490000 37.490000 37.490000 37.490000 37.490000 37.490000 37.490000 37.490000 37.490000 
37.490000 37.490000 37.490000 37.490000 37.490000 37.490000 37.490000 37.490000 37.490000 37.490000 37.490000 37.490000 37.490000 37.490000 37.490000 37.490000 37.490000 37.490000 37.490000 37.490000 37.490000 37.490000 37.490000 37.490000 37.490000 37.490000 37.490000 37.490000 37.490000 37.490000 37.490000 37.490000 37.490000 37.490000 37.490000 37.490000 37.490000 37.490000 37.490000 37.490000 37.490000 
37.490000 37.490000 37.490000 37.490000 37.490000 37.490000 37.490000 37.490000 37.490000 37.490000 37.490000 37.490000 37.490000 37.490000 37.490000 37.490000 37.490000 37.490000 37.490000 37.490000 37.490000 37.490000 37.490000 37.490000 37.490000 37.490000 37.490000 37.490000 37.490000 37.490000 37.490000 37.490000 37.490000 37.490000 37.490000 37.490000 37.490000 37.490000 37.490000 37.490000 37.490000 
37.490000 37.490000 37.490000 37.490000 37.490000 37.490000 37.490000 37.490000 37.490000 37.490000 37.490000 37.490000 37.490000 37.490000 37.490000 37.490000 37.490000 37.490000 37.490000 37.490000 37.490000 37.490000 37.490000 37.490000 37.490000 37.490000 37.490000 37.490000 37.490000 37.490000 37.490000 37.490000 37.490000 37.490000 37.490000 37.490000 37.490000 37.490000 37.490000 37.490000 37.490000 
37.490000 37.490000 37.490000 37.490000 37.490000 37.490000 37.490000 37.490000 37.490000 37.490000 37.490000 37.490000 37.490000 37.490000 37.490000 37.490000 37.490000 37.490000 37.490000 37.490000 37.490000 37.490000 37.490000 37.490000 37.490000 37.490000 37.490000 37.490000 37.490000 37.490000 37.490000 37.490000 37.490000 37.490000 37.490000 37.490000 37.490000 37.490000 37.490000 37.490000 37.490000 
37.490000 37.490000 37.490000 37.490000 37.490000 37.490000 37.490000 37.490000 37.490000 37.490000 37.490000 37.490000 37.490000 37.490000 37.490000 37.490000 37.490000 37.490000 37.490000 37.490000 37.490000 37.490000 37.490000 37.490000 37.490000 37.490000 37.490000 37.490000 37.490000 37.490000 37.490000 37.490000 37.490000 37.490000 37.490000 37.490000 37.490000 37.490000 37.490000 37.490000 37.490000 
37.490000 37.490000 37.490000 37.490000 37.490000 37.490000 37.490000 37.490000 37.490000 37.490000 37.490000 37.490000 37.490000 37.490000 37.490000 37.490000 37.490000 37.490000 37.490000 37.490000 37.490000 37.490000 37.490000 37.490000 37.490000 37.490000 37.490000 37.490000 37.490000 37.490000 37.490000 37.490000 37.490000 37.490000 37.490000 37.490000 37.490000 37.490000 37.490000 37.490000 37.490000 
37.490000 37.490000 37.490000 37.490000 37.490000 37.490000 37.490000 37.490000 37.490000 37.490000 37.490000 37.490000 37.490000 37.490000 37.490000 37.490000 37.490000 37.490000 37.490000 37.490000 37.490000 37.490000 37.490000 37.490000 37.490000 37.490000 37.490000 37.490000 37.490000 37.490000 37.490000 37.490000 37.490000 37.490000 37.490000 37.490000 37.490000 37.490000 37.490000 37.490000 37.490000 
37.490000 37.490000 37.490000 37.490000 37.490000 37.490000 37.490000 37.490000 37.490000 37.490000 37.490000 37.490000 37.490000 37.490000 37.490000 37.490000 37.490000 37.490000 37.490000 37.490000 37.490000 37.490000 37.490000 37.490000 37.490000 37.490000 37.490000 37.490000 37.490000 37.490000 37.490000 37.490000 37.490000 37.490000 37.490000 37.490000 37.490000 37.490000 37.490000 37.490000 37.490000 
37.490000 37.490000 37.490000 37.490000 37.490000 37.490000 37.490000 37.490000 37.490000 37.490000 37.490000 37.490000 37.490000 37.490000 37.490000 37.490000 37.490000 37.490000 37.490000 37.490000 37.490000 37.490000 37.490000 37.490000 37.490000 37.490000 37.490000 37.490000 37.490000 37.490000 37.490000 37.490000 37.490000 37.490000 37.490000 37.490000 37.490000 37.490000 37.490000 37.490000 37.490000 
