41 10 
265.270000 458.830000 265.270000 71.710000 265.270000 458.830000 265.270000 71.710000 265.270000 458.830000 265.270000 71.710000 265.270000 458.830000 265.270000 71.710000 265.270000 458.830000 265.270000 71.710000 265.270000 458.830000 265.270000 71.710000 265.270000 458.830000 265.270000 71.710000 265.270000 458.830000 265.270000 71.710000 265.270000 458.830000 265.270000 71.710000 265.270000 458.830000 265.270000 71.710000 265.270000 
265.270000 458.830000 265.270000 71.710000 265.270000 458.830000 265.270000 71.710000 265.270000 458.830000 265.270000 71.710000 265.270000 458.830000 265.270000 71.710000 265.270000 458.830000 265.270000 71.710000 265.270000 458.830000 265.270000 71.710000 265.270000 458.830000 265.270000 71.710000 265.270000 458.830000 265.270000 71.710000 265.270000 458.830000 265.270000 71.710000 265.270000 458.830000 265.270000 71.710000 265.270000 
265.270000 458.830000 265.270000 71.710000 265.270000 458.830000 265.270000 71.710000 265.270000 458.830000 265.270000 71.710000 265.270000 458.830000 265.270000 71.710000 265.270000 458.830000 265.270000 71.710000 265.270000 458.830000 265.270000 71.710000 265.270000 458.830000 265.270000 71.710000 265.270000 458.830000 265.270000 71.710000 265.270000 458.830000 265.270000 71.710000 265.270000 458.830000 265.270000 71.710000 265.270000 
265.270000 458.830000 265.270000 71.710000 265.270000 458.830000 265.270000 71.710000 265.270000 458.830000 265.270000 71.710000 265.270000 458.830000 265.270000 71.710000 265.270000 458.830000 265.270000 71.710000 265.270000 458.830000 265.270000 71.710000 265.270000 458.830000 265.270000 71.710000 265.270000 458.830000 265.270000 71.710000 265.270000 458.830000 265.270000 71.710000 265.270000 458.830000 265.270000 71.710000 265.270000 
265.270000 458.830000 265.270000 71.710000 265.270000 458.830000 265.270000 71.710000 265.270000 458.830000 265.270000 71.710000 265.270000 458.830000 265.270000 71.710000 265.270000 458.830000 265.270000 71.710000 265.270000 458.830000 265.270000 71.710000 265.270000 458.830000 265.270000 71.710000 265.270000 458.830000 265.270000 71.710000 265.270000 458.830000 265.270000 71.710000 265.270000 458.830000 265.270000 71.710000 265.270000 
265.270000 458.830000 265.270000 71.710000 265.270000 458.830000 265.270000 71.710000 265.270000 458.830000 265.270000 71.710000 265.270000 458.830000 265.270000 71.710000 265.270000 458.830000 265.270000 71.710000 265.270000 458.830000 265.270000 71.710000 265.270000 458.830000 265.270000 71.710000 265.270000 458.830000 265.270000 71.710000 265.270000 458.830000 265.270000 71.710000 265.270000 458.830000 265.270000 71.710000 265.270000 
265.270000 458.830000 265.270000 71.710000 265.270000 458.830000 265.270000 71.710000 265.270000 458.830000 265.270000 71.710000 265.270000 458.830000 265.270000 71.710000 265.270000 458.830000 265.270000 71.710000 265.270000 458.830000 265.270000 71.710000 265.270000 458.830000 265.270000 71.710000 265.270000 458.830000 265.270000 71.710000 265.270000 458.830000 265.270000 71.710000 265.270000 458.830000 265.270000 71.710000 265.270000 
265.270000 458.830000 265.270000 71.710000 265.270000 458.830000 265.270000 71.710000 265.270000 458.830000 265.270000 71.710000 265.270000 458.830000 265.270000 71.710000 265.270000 458.830000 265.270000 71.710000 265.270000 458.830000 265.270000 71.710000 265.270000 458.830000 265.270000 71.710000 265.270000 458.830000 265.270000 71.710000 265.270000 458.830000 265.270000 71.710000 265.270000 458.830000 265.270000 71.710000 265.270000 
265.270000 458.830000 265.270000 71.710000 265.270000 458.830000 265.270000 71.710000 265.270000 458.830000 265.270000 71.710000 265.270000 458.830000 265.270000 71.710000 265.270000 458.830000 265.270000 71.710000 265.270000 458.830000 265.270000 71.710000 265.270000 458.830000 265.270000 71.710000 265.270000 458.830000 265.270000 71.710000 265.270000 458.830000 265.270000 71.710000 265.270000 458.830000 265.270000 71.710000 265.270000 
265.270000 458.830000 265.270000 71.710000 265.270000 458.830000 265.270000 71.710000 265.270000 458.830000 265.270000 71.710000 265.270000 458.830000 265.270000 71.710000 265.270000 458.830000 265.270000 71.710000 265.270000 458.830000 265.270000 71.710000 265.270000 458.830000 265.270000 71.710000 265.270000 458.830000 265.270000 71.710000 265.270000 458.830000 265.270000 71.710000 265.270000 458.830000 265.270000 71.710000 265.270000 
