1060
0 0.0000 0.0000 24.5000 0
1 24.5000 0.0072 0.0000 0
2 24.3358 2.8316 0.0000 0
3 24.0362 4.7445 0.0000 0
4 23.4992 6.9309 0.0000 0
5 22.4003 9.9236 0.0000 0
6 21.3440 12.0284 0.0000 0
7 19.5021 14.8296 0.0000 0
8 17.8551 16.7763 0.0000 0
9 16.1601 18.4147 0.0000 0
10 14.9451 19.4138 0.0000 0
11 13.0103 20.7601 0.0000 0
12 9.8635 22.4268 0.0000 0
13 7.9214 23.1841 0.0000 0
14 4.2939 24.1208 0.0000 0
15 1.6723 24.4429 0.0000 0
16 0.3958 24.4968 0.0000 0
17 -3.1151 24.3011 0.0000 0
18 -5.8101 23.8011 0.0000 0
19 -7.7427 23.2444 0.0000 0
20 -10.6114 22.0827 0.0000 0
21 -12.9557 20.7942 0.0000 0
22 -14.4744 19.7672 0.0000 0
23 -16.7060 17.9209 0.0000 0
24 -18.3020 16.2876 0.0000 0
25 -19.2913 15.1028 0.0000 0
26 -21.1679 12.3358 0.0000 0
27 -22.4909 9.7165 0.0000 0
28 -23.3130 7.5335 0.0000 0
29 -23.9143 5.3253 0.0000 0
30 -24.4372 1.7533 0.0000 0
31 -24.4924 -0.6112 0.0000 0
32 -24.2896 -3.2039 0.0000 0
33 -24.0127 -4.8623 0.0000 0
34 -23.2469 -7.7351 0.0000 0
35 -22.0919 -10.5923 0.0000 0
36 -20.8042 -12.9396 0.0000 0
37 -19.6356 -14.6524 0.0000 0
38 -18.5665 -15.9855 0.0000 0
39 -16.1805 -18.3968 0.0000 0
40 -15.0352 -19.3440 0.0000 0
41 -12.3995 -21.1306 0.0000 0
42 -9.6814 -22.5060 0.0000 0
43 -6.8019 -23.5369 0.0000 0
44 -4.5283 -24.0779 0.0000 0
45 -2.5894 -24.3628 0.0000 0
46 0.4762 -24.4954 0.0000 0
47 2.4079 -24.3814 0.0000 0
48 5.9464 -23.7674 0.0000 0
49 8.4264 -23.0054 0.0000 0
50 10.5782 -22.0987 0.0000 0
51 12.0711 -21.3199 0.0000 0
52 14.3327 -19.8701 0.0000 0
53 16.0415 -18.5181 0.0000 0
54 18.5558 -15.9979 0.0000 0
55 20.2299 -13.8203 0.0000 0
56 21.5908 -11.5795 0.0000 0
57 22.4256 -9.8662 0.0000 0
58 23.3569 -7.3963 0.0000 0
59 23.8208 -5.7290 0.0000 0
60 24.4321 -1.8225 0.0000 0
61 24.3458 -0.0909 2.7431 0
62 24.2630 2.0081 2.7431 0
63 23.6510 5.7754 2.7431 0
64 23.0012 7.9792 2.7431 0
65 21.9470 10.5382 2.7431 0
66 21.2784 11.8303 2.7431 0
67 19.5081 14.5656 2.7431 0
68 17.8899 16.5130 2.7431 0
69 16.7974 17.6231 2.7431 0
70 14.4472 19.5960 2.7431 0
71 12.5277 20.8754 2.7431 0
72 9.5386 22.3996 2.7431 0
73 7.8996 23.0287 2.7431 0
74 4.3499 23.9542 2.7431 0
75 1.9493 24.2678 2.7431 0
76 0.2014 24.3451 2.7431 0
77 -2.5410 24.2130 2.7431 0
78 -5.4103 23.7372 2.7431 0
79 -8.1033 22.9578 2.7431 0
80 -10.0855 22.1587 2.7431 0
81 -12.2913 21.0154 2.7431 0
82 -14.0512 19.8819 2.7431 0
83 -16.2312 18.1459 2.7431 0
84 -18.3522 15.9975 2.7431 0
85 -20.1018 13.7347 2.7431 0
86 -21.2835 11.8210 2.7431 0
87 -21.8680 10.7012 2.7431 0
88 -23.2513 7.2182 2.7431 0
89 -23.7903 5.1719 2.7431 0
90 -24.2004 2.6581 2.7431 0
91 -24.3358 0.7013 2.7431 0
92 -24.1456 -3.1173 2.7431 0
93 -23.8786 -4.7476 2.7431 0
94 -23.2938 -7.0799 2.7431 0
95 -22.3567 -9.6385 2.7431 0
96 -21.1971 -11.9753 2.7431 0
97 -19.6460 -14.3791 2.7431 0
98 -18.0165 -16.3747 2.7431 0
99 -16.4319 -17.9643 2.7431 0
100 -14.4607 -19.5860 2.7431 0
101 -12.1486 -21.0983 2.7431 0
102 -9.6381 -22.3569 2.7431 0
103 -6.7337 -23.3962 2.7431 0
104 -4.6628 -23.8953 2.7431 0
105 -2.7268 -24.1928 2.7431 0
106 0.6078 -24.3384 2.7431 0
107 1.8779 -24.2734 2.7431 0
108 4.2717 -23.9683 2.7431 0
109 6.7955 -23.3783 2.7431 0
110 9.3369 -22.4844 2.7431 0
111 11.8931 -21.2433 2.7431 0
112 14.0148 -19.9075 2.7431 0
113 15.6151 -18.6787 2.7431 0
114 18.1414 -16.2362 2.7431 0
115 19.2516 -14.9030 2.7431 0
116 20.7531 -12.7293 2.7431 0
117 22.3377 -9.6825 2.7431 0
118 23.3493 -6.8947 2.7431 0
119 23.9793 -4.2092 2.7431 0
120 24.2258 -2.4158 2.7431 0
121 23.8691 0.8903 5.4518 0
122 23.7400 2.6343 5.4518 0
123 23.3401 5.0761 5.4518 0
124 22.7705 7.2132 5.4518 0
125 21.8027 9.7555 5.4518 0
126 20.5863 12.1133 5.4518 0
127 19.6219 13.6202 5.4518 0
128 17.0719 16.7057 5.4518 0
129 16.3078 17.4523 5.4518 0
130 13.8227 19.4798 5.4518 0
131 11.0583 21.1717 5.4518 0
132 9.4612 21.9320 5.4518 0
133 6.7006 22.9266 5.4518 0
134 3.8633 23.5712 5.4518 0
135 1.2150 23.8548 5.4518 0
136 -1.4078 23.8442 5.4518 0
137 -2.6201 23.7416 5.4518 0
138 -5.2475 23.3022 5.4518 0
139 -8.7701 22.2174 5.4518 0
140 -10.5956 21.4070 5.4518 0
141 -12.6753 20.2451 5.4518 0
142 -14.9085 18.6618 5.4518 0
143 -17.0688 16.7088 5.4518 0
144 -18.4245 15.2009 5.4518 0
145 -19.6042 13.6457 5.4518 0
146 -21.1568 11.0868 5.4518 0
147 -22.1983 8.8185 5.4518 0
148 -23.2498 5.4748 5.4518 0
149 -23.6149 3.5868 5.4518 0
150 -23.8680 0.9214 5.4518 0
151 -23.8276 -1.6651 5.4518 0
152 -23.6237 -3.5282 5.4518 0
153 -23.0362 -6.3138 5.4518 0
154 -22.2084 -8.7928 5.4518 0
155 -21.4719 -10.4636 5.4518 0
156 -19.8426 -13.2966 5.4518 0
157 -18.1632 -15.5121 5.4518 0
158 -16.7576 -17.0209 5.4518 0
159 -14.2713 -19.1535 5.4518 0
160 -12.3160 -20.4657 5.4518 0
161 -10.6704 -21.3698 5.4518 0
162 -8.1801 -22.4413 5.4518 0
163 -5.8663 -23.1541 5.4518 0
164 -2.6801 -23.7349 5.4518 0
165 -0.2160 -23.8848 5.4518 0
166 1.7812 -23.8192 5.4518 0
167 4.7665 -23.4053 5.4518 0
168 7.6556 -22.6256 5.4518 0
169 9.7546 -21.8031 5.4518 0
170 11.8948 -20.7133 5.4518 0
171 13.1504 -19.9398 5.4518 0
172 15.5800 -18.1050 5.4518 0
173 17.6607 -16.0819 5.4518 0
174 19.1298 -14.3030 5.4518 0
175 20.1581 -12.8133 5.4518 0
176 21.5457 -10.3106 5.4518 0
177 22.8580 -6.9310 5.4518 0
178 23.1471 -5.8940 5.4518 0
179 23.8109 -1.8898 5.4518 0
180 23.1135 -0.7332 8.0918 0
181 22.9506 2.8358 8.0918 0
182 22.5653 5.0574 8.0918 0
183 22.0264 7.0435 8.0918 0
184 20.8600 9.9817 8.0918 0
185 20.0366 11.5458 8.0918 0
186 18.0648 14.4373 8.0918 0
187 16.4545 16.2487 8.0918 0
188 15.2886 17.3502 8.0918 0
189 13.2866 18.9272 8.0918 0
190 10.9770 20.3538 8.0918 0
191 8.8850 21.3502 8.0918 0
192 5.7860 22.3896 8.0918 0
193 2.6035 22.9781 8.0918 0
194 0.4332 23.1211 8.0918 0
195 -1.9445 23.0432 8.0918 0
196 -5.0523 22.5665 8.0918 0
197 -6.2328 22.2693 8.0918 0
198 -9.9342 20.8826 8.0918 0
199 -10.9677 20.3588 8.0918 0
200 -13.7193 18.6159 8.0918 0
201 -15.2004 17.4276 8.0918 0
202 -17.5064 15.1095 8.0918 0
203 -18.5001 13.8752 8.0918 0
204 -20.5544 10.5965 8.0918 0
205 -21.6460 8.1378 8.0918 0
206 -22.4388 5.5924 8.0918 0
207 -22.9337 2.9691 8.0918 0
208 -23.0905 1.2650 8.0918 0
209 -23.1085 -0.8771 8.0918 0
210 -22.9137 -3.1202 8.0918 0
211 -22.2489 -6.3056 8.0918 0
212 -21.3689 -8.8399 8.0918 0
213 -20.1165 -11.4060 8.0918 0
214 -19.4073 -12.5749 8.0918 0
215 -17.2531 -15.3981 8.0918 0
216 -15.6405 -17.0337 8.0918 0
217 -14.1520 -18.2892 8.0918 0
218 -10.8963 -20.3971 8.0918 0
219 -9.1450 -21.2401 8.0918 0
220 -7.0016 -22.0397 8.0918 0
221 -3.6772 -22.8309 8.0918 0
222 -1.6395 -23.0670 8.0918 0
223 0.5537 -23.1185 8.0918 0
224 3.7600 -22.8174 8.0918 0
225 5.7318 -22.4035 8.0918 0
226 8.1962 -21.6239 8.0918 0
227 10.7200 -20.4903 8.0918 0
228 12.4544 -19.4849 8.0918 0
229 14.3486 -18.1353 8.0918 0
230 16.6711 -16.0265 8.0918 0
231 18.6336 -13.6952 8.0918 0
232 19.6154 -12.2477 8.0918 0
233 20.6172 -10.4739 8.0918 0
234 21.8403 -7.6010 8.0918 0
235 22.4869 -5.3953 8.0918 0
236 22.9653 -2.7142 8.0918 0
237 22.0667 0.5566 10.6302 0
238 21.9426 2.4027 10.6302 0
239 21.5203 4.9119 10.6302 0
240 20.8211 7.3303 10.6302 0
241 19.9881 9.3662 10.6302 0
242 18.6594 11.7931 10.6302 0
243 17.3446 13.6533 10.6302 0
244 15.2335 15.9747 10.6302 0
245 13.5044 17.4608 10.6302 0
246 11.3283 18.9452 10.6302 0
247 8.8580 20.2184 10.6302 0
248 6.9373 20.9553 10.6302 0
249 3.8412 21.7370 10.6302 0
250 0.9392 22.0537 10.6302 0
251 -0.8558 22.0571 10.6302 0
252 -4.3009 21.6507 10.6302 0
253 -5.6463 21.3394 10.6302 0
254 -8.5800 20.3380 10.6302 0
255 -10.3111 19.5175 10.6302 0
256 -12.8045 17.9804 10.6302 0
257 -14.5315 16.6158 10.6302 0
258 -16.5712 14.5824 10.6302 0
259 -18.1076 12.6240 10.6302 0
260 -19.5490 10.2512 10.6302 0
261 -20.5506 8.0575 10.6302 0
262 -21.3316 5.6757 10.6302 0
263 -21.9430 2.3985 10.6302 0
264 -22.0636 -0.6696 10.6302 0
265 -21.8272 -3.2898 10.6302 0
266 -21.5813 -4.6364 10.6302 0
267 -20.7524 -7.5225 10.6302 0
268 -19.8179 -9.7212 10.6302 0
269 -18.4205 -12.1629 10.6302 0
270 -17.1592 -13.8857 10.6302 0
271 -15.6640 -15.5527 10.6302 0
272 -13.2667 -17.6422 10.6302 0
273 -11.5051 -18.8383 10.6302 0
274 -9.4638 -19.9421 10.6302 0
275 -5.5998 -21.3516 10.6302 0
276 -3.9471 -21.7180 10.6302 0
277 -0.5134 -22.0678 10.6302 0
278 1.7207 -22.0066 10.6302 0
279 3.0204 -21.8661 10.6302 0
280 6.6182 -21.0582 10.6302 0
281 9.0577 -20.1298 10.6302 0
282 11.2461 -18.9941 10.6302 0
283 13.2515 -17.6536 10.6302 0
284 14.8021 -16.3752 10.6302 0
285 17.1982 -13.8373 10.6302 0
286 18.1889 -12.5066 10.6302 0
287 19.6281 -10.0989 10.6302 0
288 20.9567 -6.9330 10.6302 0
289 21.6082 -4.5097 10.6302 0
290 21.9050 -2.7244 10.6302 0
291 20.7428 -0.2839 13.0348 0
292 20.5660 2.7174 13.0348 0
293 19.9526 5.6780 13.0348 0
294 19.1042 8.0853 13.0348 0
295 18.2083 9.9399 13.0348 0
296 17.0814 11.7716 13.0348 0
297 14.9541 14.3777 13.0348 0
298 13.5650 15.6950 13.0348 0
299 10.9276 17.6332 13.0348 0
300 9.8928 18.2340 13.0348 0
301 6.8469 19.5822 13.0348 0
302 4.1075 20.3340 13.0348 0
303 2.4116 20.6041 13.0348 0
304 -0.3839 20.7412 13.0348 0
305 -2.6998 20.5683 13.0348 0
306 -5.4094 20.0271 13.0348 0
307 -7.9477 19.1619 13.0348 0
308 -10.4379 17.9275 13.0348 0
309 -11.9326 16.9693 13.0348 0
310 -14.5001 14.8355 13.0348 0
311 -15.9393 13.2772 13.0348 0
312 -17.4219 11.2615 13.0348 0
313 -18.6749 9.0328 13.0348 0
314 -19.5983 6.8008 13.0348 0
315 -20.5103 3.1099 13.0348 0
316 -20.7361 0.5982 13.0348 0
317 -20.6688 -1.7729 13.0348 0
318 -20.3231 -4.1613 13.0348 0
319 -19.9160 -5.8051 13.0348 0
320 -18.9359 -8.4721 13.0348 0
321 -17.8883 -10.5050 13.0348 0
322 -16.6382 -12.3902 13.0348 0
323 -14.6453 -14.6921 13.0348 0
324 -12.2516 -16.7404 13.0348 0
325 -10.2027 -18.0624 13.0348 0
326 -8.0241 -19.1300 13.0348 0
327 -5.7685 -19.9266 13.0348 0
328 -3.5093 -20.4458 13.0348 0
329 -0.6362 -20.7350 13.0348 0
330 2.3199 -20.6146 13.0348 0
331 4.8370 -20.1730 13.0348 0
332 7.0064 -19.5257 13.0348 0
333 9.5909 -18.3945 13.0348 0
334 11.6472 -17.1664 13.0348 0
335 13.0452 -16.1297 13.0348 0
336 15.3352 -13.9706 13.0348 0
337 16.7930 -12.1794 13.0348 0
338 17.9668 -10.3700 13.0348 0
339 19.1387 -8.0034 13.0348 0
340 19.9982 -5.5152 13.0348 0
341 20.6188 -2.2824 13.0348 0
342 19.1546 -0.0987 15.2755 0
343 18.9446 2.8304 15.2755 0
344 18.5638 4.7218 15.2755 0
345 17.8986 6.8226 15.2755 0
346 16.4571 9.8016 15.2755 0
347 15.2276 11.6201 15.2755 0
348 12.8467 14.2081 15.2755 0
349 10.8856 15.7611 15.2755 0
350 9.3408 16.7230 15.2755 0
351 7.5187 17.6175 15.2755 0
352 4.1998 18.6888 15.2755 0
353 1.4334 19.1012 15.2755 0
354 -1.3185 19.1094 15.2755 0
355 -2.5549 18.9837 15.2755 0
356 -5.6067 18.3159 15.2755 0
357 -8.1706 17.3249 15.2755 0
358 -10.5325 15.9992 15.2755 0
359 -12.6067 14.4215 15.2755 0
360 -14.3504 12.6876 15.2755 0
361 -15.9748 10.5695 15.2755 0
362 -17.0133 8.8009 15.2755 0
363 -18.1332 6.1721 15.2755 0
364 -18.6531 4.3557 15.2755 0
365 -19.0590 1.9145 15.2755 0
366 -19.0535 -1.9681 15.2755 0
367 -18.8303 -3.5111 15.2755 0
368 -18.0497 -6.4124 15.2755 0
369 -16.7855 -9.2280 15.2755 0
370 -16.0439 -10.4644 15.2755 0
371 -14.4991 -12.5174 15.2755 0
372 -12.5403 -14.4793 15.2755 0
373 -9.7758 -16.4725 15.2755 0
374 -8.2056 -17.3083 15.2755 0
375 -5.9864 -18.1954 15.2755 0
376 -3.6794 -18.7982 15.2755 0
377 -0.7882 -19.1386 15.2755 0
378 1.7376 -19.0759 15.2755 0
379 3.9218 -18.7491 15.2755 0
380 6.7970 -17.9084 15.2755 0
381 8.6851 -17.0727 15.2755 0
382 11.4948 -15.3225 15.2755 0
383 12.8009 -14.2494 15.2755 0
384 15.0979 -11.7882 15.2755 0
385 16.6897 -9.4002 15.2755 0
386 17.4826 -7.8274 15.2755 0
387 18.4544 -5.1328 15.2755 0
388 18.9970 -2.4540 15.2755 0
389 17.3145 -0.5769 17.3241 0
390 17.1313 2.5772 17.3241 0
391 16.4983 5.2850 17.3241 0
392 15.7641 7.1846 17.3241 0
393 14.0594 10.1222 17.3241 0
394 12.2699 12.2301 17.3241 0
395 10.4414 13.8239 17.3241 0
396 8.6552 15.0071 17.3241 0
397 6.5991 16.0180 17.3241 0
398 3.5380 16.9590 17.3241 0
399 1.6395 17.2464 17.3241 0
400 -1.8937 17.2203 17.3241 0
401 -4.0091 16.8539 17.3241 0
402 -6.4518 16.0779 17.3241 0
403 -8.2864 15.2138 17.3241 0
404 -10.3749 13.8740 17.3241 0
405 -12.4783 12.0174 17.3241 0
406 -14.5743 9.3657 17.3241 0
407 -15.8355 7.0258 17.3241 0
408 -16.6300 4.8548 17.3241 0
409 -17.1723 2.2887 17.3241 0
410 -17.3205 0.3553 17.3241 0
411 -17.1154 -2.6809 17.3241 0
412 -16.4294 -5.4954 17.3241 0
413 -15.6630 -7.4025 17.3241 0
414 -13.9421 -10.2831 17.3241 0
415 -13.0602 -11.3823 17.3241 0
416 -10.9846 -13.3964 17.3241 0
417 -8.6491 -15.0106 17.3241 0
418 -6.8637 -15.9064 17.3241 0
419 -3.5649 -16.9534 17.3241 0
420 -1.2204 -17.2811 17.3241 0
421 1.3331 -17.2727 17.3241 0
422 4.2770 -16.7879 17.3241 0
423 6.7662 -15.9482 17.3241 0
424 8.9893 -14.8094 17.3241 0
425 10.6130 -13.6927 17.3241 0
426 12.6566 -11.8294 17.3241 0
427 14.4982 -9.4831 17.3241 0
428 15.3790 -7.9757 17.3241 0
429 16.3959 -5.5947 17.3241 0
430 17.0829 -2.8810 17.3241 0
431 15.2755 0.0285 19.1549 0
432 14.9537 3.1190 19.1549 0
433 14.3200 5.3178 19.1549 0
434 13.4406 7.2589 19.1549 0
435 12.0350 9.4074 19.1549 0
436 9.7842 11.7307 19.1549 0
437 7.5995 13.2510 19.1549 0
438 5.5457 14.2333 19.1549 0
439 3.4945 14.8704 19.1549 0
440 1.1236 15.2341 19.1549 0
441 -2.3279 15.0971 19.1549 0
442 -4.5667 14.5769 19.1549 0
443 -7.3362 13.3986 19.1549 0
444 -8.6699 12.5767 19.1549 0
445 -11.0958 10.4988 19.1549 0
446 -12.5149 8.7588 19.1549 0
447 -14.0714 5.9444 19.1549 0
448 -14.6884 4.1941 19.1549 0
449 -15.2147 1.3617 19.1549 0
450 -15.2304 -1.1725 19.1549 0
451 -14.6828 -4.2137 19.1549 0
452 -13.8339 -6.4780 19.1549 0
453 -12.8423 -8.2714 19.1549 0
454 -11.1729 -10.4167 19.1549 0
455 -9.4206 -12.0247 19.1549 0
456 -6.6993 -13.7281 19.1549 0
457 -4.3944 -14.6298 19.1549 0
458 -2.3188 -15.0985 19.1549 0
459 0.2407 -15.2736 19.1549 0
460 3.1912 -14.9385 19.1549 0
461 6.1311 -13.9911 19.1549 0
462 8.0604 -12.9758 19.1549 0
463 9.6801 -11.8168 19.1549 0
464 11.5538 -9.9926 19.1549 0
465 13.5044 -7.1396 19.1549 0
466 14.3841 -5.1419 19.1549 0
467 15.0322 -2.7153 19.1549 0
468 13.0316 0.2899 20.7447 0
469 12.7946 2.4907 20.7447 0
470 11.9656 5.1701 20.7447 0
471 10.5761 7.6192 20.7447 0
472 8.7075 9.6998 20.7447 0
473 7.0398 10.9702 20.7447 0
474 4.3859 12.2748 20.7447 0
475 1.5029 12.9479 20.7447 0
476 -0.2361 13.0326 20.7447 0
477 -3.3514 12.5966 20.7447 0
478 -5.6629 11.7404 20.7447 0
479 -7.8268 10.4234 20.7447 0
480 -9.7347 8.6684 20.7447 0
481 -11.5203 6.0981 20.7447 0
482 -12.5763 3.4265 20.7447 0
483 -12.9324 1.6304 20.7447 0
484 -12.9364 -1.5983 20.7447 0
485 -12.5247 -3.6106 20.7447 0
486 -11.1497 -6.7520 20.7447 0
487 -9.6906 -8.7177 20.7447 0
488 -8.0385 -10.2610 20.7447 0
489 -5.5339 -11.8018 20.7447 0
490 -3.2688 -12.6183 20.7447 0
491 -0.3512 -13.0301 20.7447 0
492 1.8318 -12.9054 20.7447 0
493 4.1242 -12.3651 20.7447 0
494 6.9720 -11.0135 20.7447 0
495 9.2736 -9.1600 20.7447 0
496 10.5204 -7.6958 20.7447 0
497 11.9516 -5.2025 20.7447 0
498 12.8158 -2.3792 20.7447 0
499 10.6234 -0.3774 22.0737 0
500 10.1992 2.9961 22.0737 0
501 9.2093 5.3093 22.0737 0
502 7.7160 7.3119 22.0737 0
503 5.9129 8.8339 22.0737 0
504 3.2865 10.1094 22.0737 0
505 0.6529 10.6101 22.0737 0
506 -2.3881 10.3584 22.0737 0
507 -4.7874 9.4911 22.0737 0
508 -7.0634 7.9441 22.0737 0
509 -8.6853 6.1291 22.0737 0
510 -9.8543 3.9866 22.0737 0
511 -10.5851 0.9781 22.0737 0
512 -10.5484 -1.3156 22.0737 0
513 -9.9624 -3.7081 22.0737 0
514 -8.6496 -6.1793 22.0737 0
515 -6.6456 -8.2967 22.0737 0
516 -4.4826 -9.6388 22.0737 0
517 -1.7850 -10.4792 22.0737 0
518 1.0720 -10.5760 22.0737 0
519 3.6430 -9.9864 22.0737 0
520 5.7202 -8.9599 22.0737 0
521 8.0042 -6.9952 22.0737 0
522 9.1595 -5.3948 22.0737 0
523 10.1987 -2.9979 22.0737 0
524 8.0909 -0.1207 23.1251 0
525 7.6372 2.6742 23.1251 0
526 6.3738 4.9852 23.1251 0
527 4.2165 6.9064 23.1251 0
528 1.9622 7.8503 23.1251 0
529 -0.6264 8.0676 23.1251 0
530 -3.2745 7.3997 23.1251 0
531 -5.5762 5.8638 23.1251 0
532 -6.9698 4.1109 23.1251 0
533 -8.0099 1.1484 23.1251 0
534 -8.0148 -1.1138 23.1251 0
535 -7.1229 -3.8396 23.1251 0
536 -5.5899 -5.8507 23.1251 0
537 -3.3243 -7.3775 23.1251 0
538 -0.5687 -8.0718 23.1251 0
539 1.7882 -7.8918 23.1251 0
540 4.3109 -6.8479 23.1251 0
541 6.2695 -5.1157 23.1251 0
542 7.5902 -2.8047 23.1251 0
543 5.4513 -0.0746 23.8857 0
544 4.6373 2.8666 23.8857 0
545 2.7367 4.7151 23.8857 0
546 0.0414 5.4516 23.8857 0
547 -2.6053 4.7890 23.8857 0
548 -4.8191 2.5490 23.8857 0
549 -5.4516 0.0399 23.8857 0
550 -4.6454 -2.8534 23.8857 0
551 -2.6827 -4.7460 23.8857 0
552 -0.0532 -5.4515 23.8857 0
553 2.8654 -4.6380 23.8857 0
554 4.7815 -2.6189 23.8857 0
555 2.7431 -0.0083 24.3459 0
556 0.7768 2.6308 24.3459 0
557 -2.2733 1.5352 24.3459 0
558 -2.2290 -1.5988 24.3459 0
559 0.8103 -2.6207 24.3459 0
560 0.0000 0.0000 -24.5000 0
561 24.3458 -0.0909 -2.7431 0
562 24.2630 2.0081 -2.7431 0
563 23.6510 5.7754 -2.7431 0
564 23.0012 7.9792 -2.7431 0
565 21.9470 10.5382 -2.7431 0
566 21.2784 11.8303 -2.7431 0
567 19.5081 14.5656 -2.7431 0
568 17.8899 16.5130 -2.7431 0
569 16.7974 17.6231 -2.7431 0
570 14.4472 19.5960 -2.7431 0
571 12.5277 20.8754 -2.7431 0
572 9.5386 22.3996 -2.7431 0
573 7.8996 23.0287 -2.7431 0
574 4.3499 23.9542 -2.7431 0
575 1.9493 24.2678 -2.7431 0
576 0.2014 24.3451 -2.7431 0
577 -2.5410 24.2130 -2.7431 0
578 -5.4103 23.7372 -2.7431 0
579 -8.1033 22.9578 -2.7431 0
580 -10.0855 22.1587 -2.7431 0
581 -12.2913 21.0154 -2.7431 0
582 -14.0512 19.8819 -2.7431 0
583 -16.2312 18.1459 -2.7431 0
584 -18.3522 15.9975 -2.7431 0
585 -20.1018 13.7347 -2.7431 0
586 -21.2835 11.8210 -2.7431 0
587 -21.8680 10.7012 -2.7431 0
588 -23.2513 7.2182 -2.7431 0
589 -23.7903 5.1719 -2.7431 0
590 -24.2004 2.6581 -2.7431 0
591 -24.3358 0.7013 -2.7431 0
592 -24.1456 -3.1173 -2.7431 0
593 -23.8786 -4.7476 -2.7431 0
594 -23.2938 -7.0799 -2.7431 0
595 -22.3567 -9.6385 -2.7431 0
596 -21.1971 -11.9753 -2.7431 0
597 -19.6460 -14.3791 -2.7431 0
598 -18.0165 -16.3747 -2.7431 0
599 -16.4319 -17.9643 -2.7431 0
600 -14.4607 -19.5860 -2.7431 0
601 -12.1486 -21.0983 -2.7431 0
602 -9.6381 -22.3569 -2.7431 0
603 -6.7337 -23.3962 -2.7431 0
604 -4.6628 -23.8953 -2.7431 0
605 -2.7268 -24.1928 -2.7431 0
606 0.6078 -24.3384 -2.7431 0
607 1.8779 -24.2734 -2.7431 0
608 4.2717 -23.9683 -2.7431 0
609 6.7955 -23.3783 -2.7431 0
610 9.3369 -22.4844 -2.7431 0
611 11.8931 -21.2433 -2.7431 0
612 14.0148 -19.9075 -2.7431 0
613 15.6151 -18.6787 -2.7431 0
614 18.1414 -16.2362 -2.7431 0
615 19.2516 -14.9030 -2.7431 0
616 20.7531 -12.7293 -2.7431 0
617 22.3377 -9.6825 -2.7431 0
618 23.3493 -6.8947 -2.7431 0
619 23.9793 -4.2092 -2.7431 0
620 24.2258 -2.4158 -2.7431 0
621 23.8691 0.8903 -5.4518 0
622 23.7400 2.6343 -5.4518 0
623 23.3401 5.0761 -5.4518 0
624 22.7705 7.2132 -5.4518 0
625 21.8027 9.7555 -5.4518 0
626 20.5863 12.1133 -5.4518 0
627 19.6219 13.6202 -5.4518 0
628 17.0719 16.7057 -5.4518 0
629 16.3078 17.4523 -5.4518 0
630 13.8227 19.4798 -5.4518 0
631 11.0583 21.1717 -5.4518 0
632 9.4612 21.9320 -5.4518 0
633 6.7006 22.9266 -5.4518 0
634 3.8633 23.5712 -5.4518 0
635 1.2150 23.8548 -5.4518 0
636 -1.4078 23.8442 -5.4518 0
637 -2.6201 23.7416 -5.4518 0
638 -5.2475 23.3022 -5.4518 0
639 -8.7701 22.2174 -5.4518 0
640 -10.5956 21.4070 -5.4518 0
641 -12.6753 20.2451 -5.4518 0
642 -14.9085 18.6618 -5.4518 0
643 -17.0688 16.7088 -5.4518 0
644 -18.4245 15.2009 -5.4518 0
645 -19.6042 13.6457 -5.4518 0
646 -21.1568 11.0868 -5.4518 0
647 -22.1983 8.8185 -5.4518 0
648 -23.2498 5.4748 -5.4518 0
649 -23.6149 3.5868 -5.4518 0
650 -23.8680 0.9214 -5.4518 0
651 -23.8276 -1.6651 -5.4518 0
652 -23.6237 -3.5282 -5.4518 0
653 -23.0362 -6.3138 -5.4518 0
654 -22.2084 -8.7928 -5.4518 0
655 -21.4719 -10.4636 -5.4518 0
656 -19.8426 -13.2966 -5.4518 0
657 -18.1632 -15.5121 -5.4518 0
658 -16.7576 -17.0209 -5.4518 0
659 -14.2713 -19.1535 -5.4518 0
660 -12.3160 -20.4657 -5.4518 0
661 -10.6704 -21.3698 -5.4518 0
662 -8.1801 -22.4413 -5.4518 0
663 -5.8663 -23.1541 -5.4518 0
664 -2.6801 -23.7349 -5.4518 0
665 -0.2160 -23.8848 -5.4518 0
666 1.7812 -23.8192 -5.4518 0
667 4.7665 -23.4053 -5.4518 0
668 7.6556 -22.6256 -5.4518 0
669 9.7546 -21.8031 -5.4518 0
670 11.8948 -20.7133 -5.4518 0
671 13.1504 -19.9398 -5.4518 0
672 15.5800 -18.1050 -5.4518 0
673 17.6607 -16.0819 -5.4518 0
674 19.1298 -14.3030 -5.4518 0
675 20.1581 -12.8133 -5.4518 0
676 21.5457 -10.3106 -5.4518 0
677 22.8580 -6.9310 -5.4518 0
678 23.1471 -5.8940 -5.4518 0
679 23.8109 -1.8898 -5.4518 0
680 23.1135 -0.7332 -8.0918 0
681 22.9506 2.8358 -8.0918 0
682 22.5653 5.0574 -8.0918 0
683 22.0264 7.0435 -8.0918 0
684 20.8600 9.9817 -8.0918 0
685 20.0366 11.5458 -8.0918 0
686 18.0648 14.4373 -8.0918 0
687 16.4545 16.2487 -8.0918 0
688 15.2886 17.3502 -8.0918 0
689 13.2866 18.9272 -8.0918 0
690 10.9770 20.3538 -8.0918 0
691 8.8850 21.3502 -8.0918 0
692 5.7860 22.3896 -8.0918 0
693 2.6035 22.9781 -8.0918 0
694 0.4332 23.1211 -8.0918 0
695 -1.9445 23.0432 -8.0918 0
696 -5.0523 22.5665 -8.0918 0
697 -6.2328 22.2693 -8.0918 0
698 -9.9342 20.8826 -8.0918 0
699 -10.9677 20.3588 -8.0918 0
700 -13.7193 18.6159 -8.0918 0
701 -15.2004 17.4276 -8.0918 0
702 -17.5064 15.1095 -8.0918 0
703 -18.5001 13.8752 -8.0918 0
704 -20.5544 10.5965 -8.0918 0
705 -21.6460 8.1378 -8.0918 0
706 -22.4388 5.5924 -8.0918 0
707 -22.9337 2.9691 -8.0918 0
708 -23.0905 1.2650 -8.0918 0
709 -23.1085 -0.8771 -8.0918 0
710 -22.9137 -3.1202 -8.0918 0
711 -22.2489 -6.3056 -8.0918 0
712 -21.3689 -8.8399 -8.0918 0
713 -20.1165 -11.4060 -8.0918 0
714 -19.4073 -12.5749 -8.0918 0
715 -17.2531 -15.3981 -8.0918 0
716 -15.6405 -17.0337 -8.0918 0
717 -14.1520 -18.2892 -8.0918 0
718 -10.8963 -20.3971 -8.0918 0
719 -9.1450 -21.2401 -8.0918 0
720 -7.0016 -22.0397 -8.0918 0
721 -3.6772 -22.8309 -8.0918 0
722 -1.6395 -23.0670 -8.0918 0
723 0.5537 -23.1185 -8.0918 0
724 3.7600 -22.8174 -8.0918 0
725 5.7318 -22.4035 -8.0918 0
726 8.1962 -21.6239 -8.0918 0
727 10.7200 -20.4903 -8.0918 0
728 12.4544 -19.4849 -8.0918 0
729 14.3486 -18.1353 -8.0918 0
730 16.6711 -16.0265 -8.0918 0
731 18.6336 -13.6952 -8.0918 0
732 19.6154 -12.2477 -8.0918 0
733 20.6172 -10.4739 -8.0918 0
734 21.8403 -7.6010 -8.0918 0
735 22.4869 -5.3953 -8.0918 0
736 22.9653 -2.7142 -8.0918 0
737 22.0667 0.5566 -10.6302 0
738 21.9426 2.4027 -10.6302 0
739 21.5203 4.9119 -10.6302 0
740 20.8211 7.3303 -10.6302 0
741 19.9881 9.3662 -10.6302 0
742 18.6594 11.7931 -10.6302 0
743 17.3446 13.6533 -10.6302 0
744 15.2335 15.9747 -10.6302 0
745 13.5044 17.4608 -10.6302 0
746 11.3283 18.9452 -10.6302 0
747 8.8580 20.2184 -10.6302 0
748 6.9373 20.9553 -10.6302 0
749 3.8412 21.7370 -10.6302 0
750 0.9392 22.0537 -10.6302 0
751 -0.8558 22.0571 -10.6302 0
752 -4.3009 21.6507 -10.6302 0
753 -5.6463 21.3394 -10.6302 0
754 -8.5800 20.3380 -10.6302 0
755 -10.3111 19.5175 -10.6302 0
756 -12.8045 17.9804 -10.6302 0
757 -14.5315 16.6158 -10.6302 0
758 -16.5712 14.5824 -10.6302 0
759 -18.1076 12.6240 -10.6302 0
760 -19.5490 10.2512 -10.6302 0
761 -20.5506 8.0575 -10.6302 0
762 -21.3316 5.6757 -10.6302 0
763 -21.9430 2.3985 -10.6302 0
764 -22.0636 -0.6696 -10.6302 0
765 -21.8272 -3.2898 -10.6302 0
766 -21.5813 -4.6364 -10.6302 0
767 -20.7524 -7.5225 -10.6302 0
768 -19.8179 -9.7212 -10.6302 0
769 -18.4205 -12.1629 -10.6302 0
770 -17.1592 -13.8857 -10.6302 0
771 -15.6640 -15.5527 -10.6302 0
772 -13.2667 -17.6422 -10.6302 0
773 -11.5051 -18.8383 -10.6302 0
774 -9.4638 -19.9421 -10.6302 0
775 -5.5998 -21.3516 -10.6302 0
776 -3.9471 -21.7180 -10.6302 0
777 -0.5134 -22.0678 -10.6302 0
778 1.7207 -22.0066 -10.6302 0
779 3.0204 -21.8661 -10.6302 0
780 6.6182 -21.0582 -10.6302 0
781 9.0577 -20.1298 -10.6302 0
782 11.2461 -18.9941 -10.6302 0
783 13.2515 -17.6536 -10.6302 0
784 14.8021 -16.3752 -10.6302 0
785 17.1982 -13.8373 -10.6302 0
786 18.1889 -12.5066 -10.6302 0
787 19.6281 -10.0989 -10.6302 0
788 20.9567 -6.9330 -10.6302 0
789 21.6082 -4.5097 -10.6302 0
790 21.9050 -2.7244 -10.6302 0
791 20.7428 -0.2839 -13.0348 0
792 20.5660 2.7174 -13.0348 0
793 19.9526 5.6780 -13.0348 0
794 19.1042 8.0853 -13.0348 0
795 18.2083 9.9399 -13.0348 0
796 17.0814 11.7716 -13.0348 0
797 14.9541 14.3777 -13.0348 0
798 13.5650 15.6950 -13.0348 0
799 10.9276 17.6332 -13.0348 0
800 9.8928 18.2340 -13.0348 0
801 6.8469 19.5822 -13.0348 0
802 4.1075 20.3340 -13.0348 0
803 2.4116 20.6041 -13.0348 0
804 -0.3839 20.7412 -13.0348 0
805 -2.6998 20.5683 -13.0348 0
806 -5.4094 20.0271 -13.0348 0
807 -7.9477 19.1619 -13.0348 0
808 -10.4379 17.9275 -13.0348 0
809 -11.9326 16.9693 -13.0348 0
810 -14.5001 14.8355 -13.0348 0
811 -15.9393 13.2772 -13.0348 0
812 -17.4219 11.2615 -13.0348 0
813 -18.6749 9.0328 -13.0348 0
814 -19.5983 6.8008 -13.0348 0
815 -20.5103 3.1099 -13.0348 0
816 -20.7361 0.5982 -13.0348 0
817 -20.6688 -1.7729 -13.0348 0
818 -20.3231 -4.1613 -13.0348 0
819 -19.9160 -5.8051 -13.0348 0
820 -18.9359 -8.4721 -13.0348 0
821 -17.8883 -10.5050 -13.0348 0
822 -16.6382 -12.3902 -13.0348 0
823 -14.6453 -14.6921 -13.0348 0
824 -12.2516 -16.7404 -13.0348 0
825 -10.2027 -18.0624 -13.0348 0
826 -8.0241 -19.1300 -13.0348 0
827 -5.7685 -19.9266 -13.0348 0
828 -3.5093 -20.4458 -13.0348 0
829 -0.6362 -20.7350 -13.0348 0
830 2.3199 -20.6146 -13.0348 0
831 4.8370 -20.1730 -13.0348 0
832 7.0064 -19.5257 -13.0348 0
833 9.5909 -18.3945 -13.0348 0
834 11.6472 -17.1664 -13.0348 0
835 13.0452 -16.1297 -13.0348 0
836 15.3352 -13.9706 -13.0348 0
837 16.7930 -12.1794 -13.0348 0
838 17.9668 -10.3700 -13.0348 0
839 19.1387 -8.0034 -13.0348 0
840 19.9982 -5.5152 -13.0348 0
841 20.6188 -2.2824 -13.0348 0
842 19.1546 -0.0987 -15.2755 0
843 18.9446 2.8304 -15.2755 0
844 18.5638 4.7218 -15.2755 0
845 17.8986 6.8226 -15.2755 0
846 16.4571 9.8016 -15.2755 0
847 15.2276 11.6201 -15.2755 0
848 12.8467 14.2081 -15.2755 0
849 10.8856 15.7611 -15.2755 0
850 9.3408 16.7230 -15.2755 0
851 7.5187 17.6175 -15.2755 0
852 4.1998 18.6888 -15.2755 0
853 1.4334 19.1012 -15.2755 0
854 -1.3185 19.1094 -15.2755 0
855 -2.5549 18.9837 -15.2755 0
856 -5.6067 18.3159 -15.2755 0
857 -8.1706 17.3249 -15.2755 0
858 -10.5325 15.9992 -15.2755 0
859 -12.6067 14.4215 -15.2755 0
860 -14.3504 12.6876 -15.2755 0
861 -15.9748 10.5695 -15.2755 0
862 -17.0133 8.8009 -15.2755 0
863 -18.1332 6.1721 -15.2755 0
864 -18.6531 4.3557 -15.2755 0
865 -19.0590 1.9145 -15.2755 0
866 -19.0535 -1.9681 -15.2755 0
867 -18.8303 -3.5111 -15.2755 0
868 -18.0497 -6.4124 -15.2755 0
869 -16.7855 -9.2280 -15.2755 0
870 -16.0439 -10.4644 -15.2755 0
871 -14.4991 -12.5174 -15.2755 0
872 -12.5403 -14.4793 -15.2755 0
873 -9.7758 -16.4725 -15.2755 0
874 -8.2056 -17.3083 -15.2755 0
875 -5.9864 -18.1954 -15.2755 0
876 -3.6794 -18.7982 -15.2755 0
877 -0.7882 -19.1386 -15.2755 0
878 1.7376 -19.0759 -15.2755 0
879 3.9218 -18.7491 -15.2755 0
880 6.7970 -17.9084 -15.2755 0
881 8.6851 -17.0727 -15.2755 0
882 11.4948 -15.3225 -15.2755 0
883 12.8009 -14.2494 -15.2755 0
884 15.0979 -11.7882 -15.2755 0
885 16.6897 -9.4002 -15.2755 0
886 17.4826 -7.8274 -15.2755 0
887 18.4544 -5.1328 -15.2755 0
888 18.9970 -2.4540 -15.2755 0
889 17.3145 -0.5769 -17.3241 0
890 17.1313 2.5772 -17.3241 0
891 16.4983 5.2850 -17.3241 0
892 15.7641 7.1846 -17.3241 0
893 14.0594 10.1222 -17.3241 0
894 12.2699 12.2301 -17.3241 0
895 10.4414 13.8239 -17.3241 0
896 8.6552 15.0071 -17.3241 0
897 6.5991 16.0180 -17.3241 0
898 3.5380 16.9590 -17.3241 0
899 1.6395 17.2464 -17.3241 0
900 -1.8937 17.2203 -17.3241 0
901 -4.0091 16.8539 -17.3241 0
902 -6.4518 16.0779 -17.3241 0
903 -8.2864 15.2138 -17.3241 0
904 -10.3749 13.8740 -17.3241 0
905 -12.4783 12.0174 -17.3241 0
906 -14.5743 9.3657 -17.3241 0
907 -15.8355 7.0258 -17.3241 0
908 -16.6300 4.8548 -17.3241 0
909 -17.1723 2.2887 -17.3241 0
910 -17.3205 0.3553 -17.3241 0
911 -17.1154 -2.6809 -17.3241 0
912 -16.4294 -5.4954 -17.3241 0
913 -15.6630 -7.4025 -17.3241 0
914 -13.9421 -10.2831 -17.3241 0
915 -13.0602 -11.3823 -17.3241 0
916 -10.9846 -13.3964 -17.3241 0
917 -8.6491 -15.0106 -17.3241 0
918 -6.8637 -15.9064 -17.3241 0
919 -3.5649 -16.9534 -17.3241 0
920 -1.2204 -17.2811 -17.3241 0
921 1.3331 -17.2727 -17.3241 0
922 4.2770 -16.7879 -17.3241 0
923 6.7662 -15.9482 -17.3241 0
924 8.9893 -14.8094 -17.3241 0
925 10.6130 -13.6927 -17.3241 0
926 12.6566 -11.8294 -17.3241 0
927 14.4982 -9.4831 -17.3241 0
928 15.3790 -7.9757 -17.3241 0
929 16.3959 -5.5947 -17.3241 0
930 17.0829 -2.8810 -17.3241 0
931 15.2755 0.0285 -19.1549 0
932 14.9537 3.1190 -19.1549 0
933 14.3200 5.3178 -19.1549 0
934 13.4406 7.2589 -19.1549 0
935 12.0350 9.4074 -19.1549 0
936 9.7842 11.7307 -19.1549 0
937 7.5995 13.2510 -19.1549 0
938 5.5457 14.2333 -19.1549 0
939 3.4945 14.8704 -19.1549 0
940 1.1236 15.2341 -19.1549 0
941 -2.3279 15.0971 -19.1549 0
942 -4.5667 14.5769 -19.1549 0
943 -7.3362 13.3986 -19.1549 0
944 -8.6699 12.5767 -19.1549 0
945 -11.0958 10.4988 -19.1549 0
946 -12.5149 8.7588 -19.1549 0
947 -14.0714 5.9444 -19.1549 0
948 -14.6884 4.1941 -19.1549 0
949 -15.2147 1.3617 -19.1549 0
950 -15.2304 -1.1725 -19.1549 0
951 -14.6828 -4.2137 -19.1549 0
952 -13.8339 -6.4780 -19.1549 0
953 -12.8423 -8.2714 -19.1549 0
954 -11.1729 -10.4167 -19.1549 0
955 -9.4206 -12.0247 -19.1549 0
956 -6.6993 -13.7281 -19.1549 0
957 -4.3944 -14.6298 -19.1549 0
958 -2.3188 -15.0985 -19.1549 0
959 0.2407 -15.2736 -19.1549 0
960 3.1912 -14.9385 -19.1549 0
961 6.1311 -13.9911 -19.1549 0
962 8.0604 -12.9758 -19.1549 0
963 9.6801 -11.8168 -19.1549 0
964 11.5538 -9.9926 -19.1549 0
965 13.5044 -7.1396 -19.1549 0
966 14.3841 -5.1419 -19.1549 0
967 15.0322 -2.7153 -19.1549 0
968 13.0316 0.2899 -20.7447 0
969 12.7946 2.4907 -20.7447 0
970 11.9656 5.1701 -20.7447 0
971 10.5761 7.6192 -20.7447 0
972 8.7075 9.6998 -20.7447 0
973 7.0398 10.9702 -20.7447 0
974 4.3859 12.2748 -20.7447 0
975 1.5029 12.9479 -20.7447 0
976 -0.2361 13.0326 -20.7447 0
977 -3.3514 12.5966 -20.7447 0
978 -5.6629 11.7404 -20.7447 0
979 -7.8268 10.4234 -20.7447 0
980 -9.7347 8.6684 -20.7447 0
981 -11.5203 6.0981 -20.7447 0
982 -12.5763 3.4265 -20.7447 0
983 -12.9324 1.6304 -20.7447 0
984 -12.9364 -1.5983 -20.7447 0
985 -12.5247 -3.6106 -20.7447 0
986 -11.1497 -6.7520 -20.7447 0
987 -9.6906 -8.7177 -20.7447 0
988 -8.0385 -10.2610 -20.7447 0
989 -5.5339 -11.8018 -20.7447 0
990 -3.2688 -12.6183 -20.7447 0
991 -0.3512 -13.0301 -20.7447 0
992 1.8318 -12.9054 -20.7447 0
993 4.1242 -12.3651 -20.7447 0
994 6.9720 -11.0135 -20.7447 0
995 9.2736 -9.1600 -20.7447 0
996 10.5204 -7.6958 -20.7447 0
997 11.9516 -5.2025 -20.7447 0
998 12.8158 -2.3792 -20.7447 0
999 10.6234 -0.3774 -22.0737 0
1000 10.1992 2.9961 -22.0737 0
1001 9.2093 5.3093 -22.0737 0
1002 7.7160 7.3119 -22.0737 0
1003 5.9129 8.8339 -22.0737 0
1004 3.2865 10.1094 -22.0737 0
1005 0.6529 10.6101 -22.0737 0
1006 -2.3881 10.3584 -22.0737 0
1007 -4.7874 9.4911 -22.0737 0
1008 -7.0634 7.9441 -22.0737 0
1009 -8.6853 6.1291 -22.0737 0
1010 -9.8543 3.9866 -22.0737 0
1011 -10.5851 0.9781 -22.0737 0
1012 -10.5484 -1.3156 -22.0737 0
1013 -9.9624 -3.7081 -22.0737 0
1014 -8.6496 -6.1793 -22.0737 0
1015 -6.6456 -8.2967 -22.0737 0
1016 -4.4826 -9.6388 -22.0737 0
1017 -1.7850 -10.4792 -22.0737 0
1018 1.0720 -10.5760 -22.0737 0
1019 3.6430 -9.9864 -22.0737 0
1020 5.7202 -8.9599 -22.0737 0
1021 8.0042 -6.9952 -22.0737 0
1022 9.1595 -5.3948 -22.0737 0
1023 10.1987 -2.9979 -22.0737 0
1024 8.0909 -0.1207 -23.1251 0
1025 7.6372 2.6742 -23.1251 0
1026 6.3738 4.9852 -23.1251 0
1027 4.2165 6.9064 -23.1251 0
1028 1.9622 7.8503 -23.1251 0
1029 -0.6264 8.0676 -23.1251 0
1030 -3.2745 7.3997 -23.1251 0
1031 -5.5762 5.8638 -23.1251 0
1032 -6.9698 4.1109 -23.1251 0
1033 -8.0099 1.1484 -23.1251 0
1034 -8.0148 -1.1138 -23.1251 0
1035 -7.1229 -3.8396 -23.1251 0
1036 -5.5899 -5.8507 -23.1251 0
1037 -3.3243 -7.3775 -23.1251 0
1038 -0.5687 -8.0718 -23.1251 0
1039 1.7882 -7.8918 -23.1251 0
1040 4.3109 -6.8479 -23.1251 0
1041 6.2695 -5.1157 -23.1251 0
1042 7.5902 -2.8047 -23.1251 0
1043 5.4513 -0.0746 -23.8857 0
1044 4.6373 2.8666 -23.8857 0
1045 2.7367 4.7151 -23.8857 0
1046 0.0414 5.4516 -23.8857 0
1047 -2.6053 4.7890 -23.8857 0
1048 -4.8191 2.5490 -23.8857 0
1049 -5.4516 0.0399 -23.8857 0
1050 -4.6454 -2.8534 -23.8857 0
1051 -2.6827 -4.7460 -23.8857 0
1052 -0.0532 -5.4515 -23.8857 0
1053 2.8654 -4.6380 -23.8857 0
1054 4.7815 -2.6189 -23.8857 0
1055 2.7431 -0.0083 -24.3459 0
1056 0.7768 2.6308 -24.3459 0
1057 -2.2733 1.5352 -24.3459 0
1058 -2.2290 -1.5988 -24.3459 0
1059 0.8103 -2.6207 -24.3459 0
2116
0 555 556
0 555 559
0 556 557
0 557 558
0 558 559
1 2 62
1 2 562
1 60 61
1 60 561
1 61 62
1 561 562
2 3 62
2 3 562
3 4 63
3 4 563
3 62 63
3 562 563
4 5 64
4 5 564
4 63 64
4 563 564
5 6 65
5 6 565
5 64 65
5 564 565
6 7 67
6 7 567
6 65 66
6 66 67
6 565 566
6 566 567
7 8 68
7 8 568
7 67 68
7 567 568
8 9 69
8 9 569
8 68 69
8 568 569
9 10 70
9 10 570
9 69 70
9 569 570
10 11 70
10 11 570
11 12 71
11 12 571
11 70 71
11 570 571
12 13 72
12 13 572
12 71 72
12 571 572
13 14 74
13 14 574
13 72 73
13 73 74
13 572 573
13 573 574
14 15 75
14 15 575
14 74 75
14 574 575
15 16 76
15 16 576
15 75 76
15 575 576
16 17 77
16 17 577
16 76 77
16 576 577
17 18 78
17 18 578
17 77 78
17 577 578
18 19 78
18 19 578
19 20 80
19 20 580
19 78 79
19 79 80
19 578 579
19 579 580
20 21 81
20 21 581
20 80 81
20 580 581
21 22 82
21 22 582
21 81 82
21 581 582
22 23 83
22 23 583
22 82 83
22 582 583
23 24 84
23 24 584
23 83 84
23 583 584
24 25 84
24 25 584
25 26 85
25 26 585
25 84 85
25 584 585
26 27 87
26 27 587
26 85 86
26 86 87
26 585 586
26 586 587
27 28 88
27 28 588
27 87 88
27 587 588
28 29 88
28 29 588
29 30 90
29 30 590
29 88 89
29 89 90
29 588 589
29 589 590
30 31 91
30 31 591
30 90 91
30 590 591
31 32 92
31 32 592
31 91 92
31 591 592
32 33 93
32 33 593
32 92 93
32 592 593
33 34 94
33 34 594
33 93 94
33 593 594
34 35 95
34 35 595
34 94 95
34 594 595
35 36 96
35 36 596
35 95 96
35 595 596
36 37 97
36 37 597
36 96 97
36 596 597
37 38 97
37 38 597
38 39 98
38 39 598
38 97 98
38 597 598
39 40 99
39 40 599
39 98 99
39 598 599
40 41 100
40 41 600
40 99 100
40 599 600
41 42 101
41 42 601
41 100 101
41 600 601
42 43 102
42 43 602
42 101 102
42 601 602
43 44 104
43 44 604
43 102 103
43 103 104
43 602 603
43 603 604
44 45 105
44 45 605
44 104 105
44 604 605
45 46 106
45 46 606
45 105 106
45 605 606
46 47 107
46 47 607
46 106 107
46 606 607
47 48 108
47 48 608
47 107 108
47 607 608
48 49 109
48 49 609
48 108 109
48 608 609
49 50 110
49 50 610
49 109 110
49 609 610
50 51 111
50 51 611
50 110 111
50 610 611
51 52 112
51 52 612
51 111 112
51 611 612
52 53 113
52 53 613
52 112 113
52 612 613
53 54 114
53 54 614
53 113 114
53 613 614
54 55 115
54 55 615
54 114 115
54 614 615
55 56 116
55 56 616
55 115 116
55 615 616
56 57 117
56 57 617
56 116 117
56 616 617
57 58 117
57 58 617
58 59 118
58 59 618
58 117 118
58 617 618
59 60 119
59 60 619
59 118 119
59 618 619
60 61 120
60 119 120
60 561 620
60 619 620
61 62 121
61 120 179
61 121 179
62 63 122
62 121 122
63 64 124
63 122 123
63 123 124
64 65 125
64 124 125
65 66 126
65 125 126
66 67 127
66 126 127
67 68 128
67 127 128
68 69 128
69 70 129
69 128 129
70 71 130
70 129 130
71 72 131
71 130 131
72 73 132
72 131 132
73 74 133
73 132 133
74 75 134
74 133 134
75 76 135
75 134 135
76 77 136
76 135 136
77 78 137
77 136 137
78 79 138
78 137 138
79 80 139
79 138 139
80 81 140
80 139 140
81 82 141
81 140 141
82 83 142
82 141 142
83 84 143
83 142 143
84 85 144
84 143 144
85 86 145
85 144 145
86 87 146
86 145 146
87 88 147
87 146 147
88 89 148
88 147 148
89 90 149
89 148 149
90 91 150
90 149 150
91 92 151
91 150 151
92 93 152
92 151 152
93 94 153
93 152 153
94 95 154
94 153 154
95 96 155
95 154 155
96 97 156
96 155 156
97 98 157
97 156 157
98 99 158
98 157 158
99 100 159
99 158 159
100 101 160
100 159 160
101 102 161
101 160 161
102 103 162
102 161 162
103 104 163
103 162 163
104 105 164
104 163 164
105 106 165
105 164 165
106 107 166
106 165 166
107 108 166
108 109 167
108 166 167
109 110 168
109 167 168
110 111 169
110 168 169
111 112 171
111 169 170
111 170 171
112 113 172
112 171 172
113 114 172
114 115 173
114 172 173
115 116 174
115 173 174
116 117 176
116 174 175
116 175 176
117 118 177
117 176 177
118 119 178
118 177 178
119 120 179
119 178 179
121 122 181
121 179 180
121 180 181
122 123 181
123 124 182
123 181 182
124 125 183
124 182 183
125 126 184
125 183 184
126 127 185
126 184 185
127 128 186
127 185 186
128 129 187
128 186 187
129 130 188
129 187 188
130 131 190
130 188 189
130 189 190
131 132 191
131 190 191
132 133 191
133 134 192
133 191 192
134 135 193
134 192 193
135 136 194
135 193 194
136 137 195
136 194 195
137 138 196
137 195 196
138 139 197
138 196 197
139 140 198
139 197 198
140 141 199
140 198 199
141 142 200
141 199 200
142 143 201
142 200 201
143 144 202
143 201 202
144 145 203
144 202 203
145 146 204
145 203 204
146 147 204
147 148 205
147 204 205
148 149 206
148 205 206
149 150 207
149 206 207
150 151 209
150 207 208
150 208 209
151 152 210
151 209 210
152 153 211
152 210 211
153 154 211
154 155 212
154 211 212
155 156 213
155 212 213
156 157 214
156 213 214
157 158 215
157 214 215
158 159 216
158 215 216
159 160 217
159 216 217
160 161 218
160 217 218
161 162 219
161 218 219
162 163 220
162 219 220
163 164 221
163 220 221
164 165 222
164 221 222
165 166 223
165 222 223
166 167 224
166 223 224
167 168 225
167 224 225
168 169 226
168 225 226
169 170 227
169 226 227
170 171 228
170 227 228
171 172 229
171 228 229
172 173 230
172 229 230
173 174 231
173 230 231
174 175 231
175 176 233
175 231 232
175 232 233
176 177 234
176 233 234
177 178 235
177 234 235
178 179 236
178 235 236
179 180 236
180 181 237
180 236 290
180 237 290
181 182 239
181 237 238
181 238 239
182 183 239
183 184 240
183 239 240
184 185 241
184 240 241
185 186 242
185 241 242
186 187 243
186 242 243
187 188 244
187 243 244
188 189 245
188 244 245
189 190 246
189 245 246
190 191 247
190 246 247
191 192 248
191 247 248
192 193 249
192 248 249
193 194 250
193 249 250
194 195 251
194 250 251
195 196 252
195 251 252
196 197 253
196 252 253
197 198 254
197 253 254
198 199 255
198 254 255
199 200 256
199 255 256
200 201 257
200 256 257
201 202 258
201 257 258
202 203 258
203 204 259
203 258 259
204 205 261
204 259 260
204 260 261
205 206 262
205 261 262
206 207 262
207 208 263
207 262 263
208 209 264
208 263 264
209 210 264
210 211 266
210 264 265
210 265 266
211 212 267
211 266 267
212 213 268
212 267 268
213 214 269
213 268 269
214 215 270
214 269 270
215 216 271
215 270 271
216 217 272
216 271 272
217 218 273
217 272 273
218 219 274
218 273 274
219 220 274
220 221 275
220 274 275
221 222 276
221 275 276
222 223 277
222 276 277
223 224 278
223 277 278
224 225 279
224 278 279
225 226 280
225 279 280
226 227 281
226 280 281
227 228 282
227 281 282
228 229 283
228 282 283
229 230 284
229 283 284
230 231 285
230 284 285
231 232 286
231 285 286
232 233 287
232 286 287
233 234 287
234 235 288
234 287 288
235 236 289
235 288 289
236 289 290
237 238 292
237 290 291
237 291 292
238 239 292
239 240 293
239 292 293
240 241 294
240 293 294
241 242 295
241 294 295
242 243 296
242 295 296
243 244 297
243 296 297
244 245 298
244 297 298
245 246 299
245 298 299
246 247 300
246 299 300
247 248 301
247 300 301
248 249 302
248 301 302
249 250 303
249 302 303
250 251 304
250 303 304
251 252 305
251 304 305
252 253 306
252 305 306
253 254 307
253 306 307
254 255 307
255 256 308
255 307 308
256 257 309
256 308 309
257 258 310
257 309 310
258 259 311
258 310 311
259 260 312
259 311 312
260 261 313
260 312 313
261 262 314
261 313 314
262 263 315
262 314 315
263 264 316
263 315 316
264 265 317
264 316 317
265 266 318
265 317 318
266 267 319
266 318 319
267 268 320
267 319 320
268 269 321
268 320 321
269 270 322
269 321 322
270 271 323
270 322 323
271 272 323
272 273 324
272 323 324
273 274 325
273 324 325
274 275 326
274 325 326
275 276 328
275 326 327
275 327 328
276 277 328
277 278 329
277 328 329
278 279 330
278 329 330
279 280 331
279 330 331
280 281 332
280 331 332
281 282 333
281 332 333
282 283 334
282 333 334
283 284 335
283 334 335
284 285 336
284 335 336
285 286 337
285 336 337
286 287 338
286 337 338
287 288 339
287 338 339
288 289 340
288 339 340
289 290 341
289 340 341
290 291 341
291 292 342
291 341 342
292 293 344
292 342 343
292 343 344
293 294 345
293 344 345
294 295 345
295 296 346
295 345 346
296 297 347
296 346 347
297 298 348
297 347 348
298 299 349
298 348 349
299 300 350
299 349 350
300 301 351
300 350 351
301 302 352
301 351 352
302 303 352
303 304 353
303 352 353
304 305 354
304 353 354
305 306 355
305 354 355
306 307 356
306 355 356
307 308 357
307 356 357
308 309 358
308 357 358
309 310 359
309 358 359
310 311 360
310 359 360
311 312 361
311 360 361
312 313 362
312 361 362
313 314 363
313 362 363
314 315 364
314 363 364
315 316 365
315 364 365
316 317 366
316 365 366
317 318 367
317 366 367
318 319 367
319 320 368
319 367 368
320 321 369
320 368 369
321 322 370
321 369 370
322 323 371
322 370 371
323 324 372
323 371 372
324 325 373
324 372 373
325 326 374
325 373 374
326 327 375
326 374 375
327 328 376
327 375 376
328 329 377
328 376 377
329 330 378
329 377 378
330 331 379
330 378 379
331 332 380
331 379 380
332 333 380
333 334 381
333 380 381
334 335 382
334 381 382
335 336 383
335 382 383
336 337 384
336 383 384
337 338 385
337 384 385
338 339 386
338 385 386
339 340 387
339 386 387
340 341 388
340 387 388
341 342 388
342 343 390
342 388 389
342 389 390
343 344 390
344 345 391
344 390 391
345 346 392
345 391 392
346 347 393
346 392 393
347 348 394
347 393 394
348 349 395
348 394 395
349 350 396
349 395 396
350 351 397
350 396 397
351 352 397
352 353 399
352 397 398
352 398 399
353 354 399
354 355 400
354 399 400
355 356 401
355 400 401
356 357 402
356 401 402
357 358 403
357 402 403
358 359 404
358 403 404
359 360 405
359 404 405
360 361 406
360 405 406
361 362 406
362 363 407
362 406 407
363 364 408
363 407 408
364 365 409
364 408 409
365 366 410
365 409 410
366 367 411
366 410 411
367 368 412
367 411 412
368 369 413
368 412 413
369 370 414
369 413 414
370 371 414
371 372 415
371 414 415
372 373 416
372 415 416
373 374 417
373 416 417
374 375 418
374 417 418
375 376 419
375 418 419
376 377 420
376 419 420
377 378 421
377 420 421
378 379 421
379 380 422
379 421 422
380 381 423
380 422 423
381 382 424
381 423 424
382 383 425
382 424 425
383 384 426
383 425 426
384 385 427
384 426 427
385 386 428
385 427 428
386 387 429
386 428 429
387 388 430
387 429 430
388 389 430
389 390 431
389 430 467
389 431 467
390 391 432
390 431 432
391 392 433
391 432 433
392 393 434
392 433 434
393 394 435
393 434 435
394 395 436
394 435 436
395 396 437
395 436 437
396 397 437
397 398 439
397 437 438
397 438 439
398 399 440
398 439 440
399 400 440
400 401 441
400 440 441
401 402 442
401 441 442
402 403 443
402 442 443
403 404 444
403 443 444
404 405 445
404 444 445
405 406 446
405 445 446
406 407 447
406 446 447
407 408 447
408 409 448
408 447 448
409 410 449
409 448 449
410 411 450
410 449 450
411 412 451
411 450 451
412 413 452
412 451 452
413 414 453
413 452 453
414 415 454
414 453 454
415 416 454
416 417 455
416 454 455
417 418 456
417 455 456
418 419 457
418 456 457
419 420 458
419 457 458
420 421 459
420 458 459
421 422 460
421 459 460
422 423 461
422 460 461
423 424 461
424 425 462
424 461 462
425 426 463
425 462 463
426 427 464
426 463 464
427 428 465
427 464 465
428 429 466
428 465 466
429 430 467
429 466 467
431 432 468
431 467 498
431 468 498
432 433 469
432 468 469
433 434 470
433 469 470
434 435 471
434 470 471
435 436 472
435 471 472
436 437 473
436 472 473
437 438 474
437 473 474
438 439 474
439 440 475
439 474 475
440 441 476
440 475 476
441 442 477
441 476 477
442 443 478
442 477 478
443 444 479
443 478 479
444 445 479
445 446 480
445 479 480
446 447 481
446 480 481
447 448 482
447 481 482
448 449 483
448 482 483
449 450 483
450 451 484
450 483 484
451 452 485
451 484 485
452 453 486
452 485 486
453 454 487
453 486 487
454 455 488
454 487 488
455 456 488
456 457 489
456 488 489
457 458 490
457 489 490
458 459 491
458 490 491
459 460 492
459 491 492
460 461 493
460 492 493
461 462 494
461 493 494
462 463 494
463 464 495
463 494 495
464 465 496
464 495 496
465 466 497
465 496 497
466 467 498
466 497 498
468 469 499
468 498 499
469 470 500
469 499 500
470 471 501
470 500 501
471 472 502
471 501 502
472 473 503
472 502 503
473 474 503
474 475 504
474 503 504
475 476 505
475 504 505
476 477 506
476 505 506
477 478 507
477 506 507
478 479 507
479 480 508
479 507 508
480 481 509
480 508 509
481 482 510
481 509 510
482 483 511
482 510 511
483 484 511
484 485 512
484 511 512
485 486 513
485 512 513
486 487 514
486 513 514
487 488 515
487 514 515
488 489 516
488 515 516
489 490 516
490 491 517
490 516 517
491 492 518
491 517 518
492 493 519
492 518 519
493 494 519
494 495 520
494 519 520
495 496 521
495 520 521
496 497 522
496 521 522
497 498 523
497 522 523
498 499 523
499 500 524
499 523 524
500 501 525
500 524 525
501 502 526
501 525 526
502 503 527
502 526 527
503 504 527
504 505 528
504 527 528
505 506 529
505 528 529
506 507 530
506 529 530
507 508 531
507 530 531
508 509 531
509 510 532
509 531 532
510 511 533
510 532 533
511 512 534
511 533 534
512 513 534
513 514 535
513 534 535
514 515 536
514 535 536
515 516 537
515 536 537
516 517 537
517 518 538
517 537 538
518 519 539
518 538 539
519 520 540
519 539 540
520 521 540
521 522 541
521 540 541
522 523 542
522 541 542
523 524 542
524 525 543
524 542 543
525 526 544
525 543 544
526 527 545
526 544 545
527 528 545
528 529 546
528 545 546
529 530 547
529 546 547
530 531 547
531 532 548
531 547 548
532 533 548
533 534 549
533 548 549
534 535 550
534 549 550
535 536 550
536 537 551
536 550 551
537 538 552
537 551 552
538 539 552
539 540 553
539 552 553
540 541 553
541 542 554
541 553 554
542 543 554
543 544 555
543 554 555
544 545 556
544 555 556
545 546 556
546 547 556
547 548 557
547 556 557
548 549 557
549 550 558
549 557 558
550 551 558
551 552 559
551 558 559
552 553 559
553 554 559
554 555 559
560 1055 1056
560 1055 1059
560 1056 1057
560 1057 1058
560 1058 1059
561 562 621
561 620 679
561 621 679
562 563 622
562 621 622
563 564 624
563 622 623
563 623 624
564 565 625
564 624 625
565 566 626
565 625 626
566 567 627
566 626 627
567 568 628
567 627 628
568 569 628
569 570 629
569 628 629
570 571 630
570 629 630
571 572 631
571 630 631
572 573 632
572 631 632
573 574 633
573 632 633
574 575 634
574 633 634
575 576 635
575 634 635
576 577 636
576 635 636
577 578 637
577 636 637
578 579 638
578 637 638
579 580 639
579 638 639
580 581 640
580 639 640
581 582 641
581 640 641
582 583 642
582 641 642
583 584 643
583 642 643
584 585 644
584 643 644
585 586 645
585 644 645
586 587 646
586 645 646
587 588 647
587 646 647
588 589 648
588 647 648
589 590 649
589 648 649
590 591 650
590 649 650
591 592 651
591 650 651
592 593 652
592 651 652
593 594 653
593 652 653
594 595 654
594 653 654
595 596 655
595 654 655
596 597 656
596 655 656
597 598 657
597 656 657
598 599 658
598 657 658
599 600 659
599 658 659
600 601 660
600 659 660
601 602 661
601 660 661
602 603 662
602 661 662
603 604 663
603 662 663
604 605 664
604 663 664
605 606 665
605 664 665
606 607 666
606 665 666
607 608 666
608 609 667
608 666 667
609 610 668
609 667 668
610 611 669
610 668 669
611 612 671
611 669 670
611 670 671
612 613 672
612 671 672
613 614 672
614 615 673
614 672 673
615 616 674
615 673 674
616 617 676
616 674 675
616 675 676
617 618 677
617 676 677
618 619 678
618 677 678
619 620 679
619 678 679
621 622 681
621 679 680
621 680 681
622 623 681
623 624 682
623 681 682
624 625 683
624 682 683
625 626 684
625 683 684
626 627 685
626 684 685
627 628 686
627 685 686
628 629 687
628 686 687
629 630 688
629 687 688
630 631 690
630 688 689
630 689 690
631 632 691
631 690 691
632 633 691
633 634 692
633 691 692
634 635 693
634 692 693
635 636 694
635 693 694
636 637 695
636 694 695
637 638 696
637 695 696
638 639 697
638 696 697
639 640 698
639 697 698
640 641 699
640 698 699
641 642 700
641 699 700
642 643 701
642 700 701
643 644 702
643 701 702
644 645 703
644 702 703
645 646 704
645 703 704
646 647 704
647 648 705
647 704 705
648 649 706
648 705 706
649 650 707
649 706 707
650 651 709
650 707 708
650 708 709
651 652 710
651 709 710
652 653 711
652 710 711
653 654 711
654 655 712
654 711 712
655 656 713
655 712 713
656 657 714
656 713 714
657 658 715
657 714 715
658 659 716
658 715 716
659 660 717
659 716 717
660 661 718
660 717 718
661 662 719
661 718 719
662 663 720
662 719 720
663 664 721
663 720 721
664 665 722
664 721 722
665 666 723
665 722 723
666 667 724
666 723 724
667 668 725
667 724 725
668 669 726
668 725 726
669 670 727
669 726 727
670 671 728
670 727 728
671 672 729
671 728 729
672 673 730
672 729 730
673 674 731
673 730 731
674 675 731
675 676 733
675 731 732
675 732 733
676 677 734
676 733 734
677 678 735
677 734 735
678 679 736
678 735 736
679 680 736
680 681 737
680 736 790
680 737 790
681 682 739
681 737 738
681 738 739
682 683 739
683 684 740
683 739 740
684 685 741
684 740 741
685 686 742
685 741 742
686 687 743
686 742 743
687 688 744
687 743 744
688 689 745
688 744 745
689 690 746
689 745 746
690 691 747
690 746 747
691 692 748
691 747 748
692 693 749
692 748 749
693 694 750
693 749 750
694 695 751
694 750 751
695 696 752
695 751 752
696 697 753
696 752 753
697 698 754
697 753 754
698 699 755
698 754 755
699 700 756
699 755 756
700 701 757
700 756 757
701 702 758
701 757 758
702 703 758
703 704 759
703 758 759
704 705 761
704 759 760
704 760 761
705 706 762
705 761 762
706 707 762
707 708 763
707 762 763
708 709 764
708 763 764
709 710 764
710 711 766
710 764 765
710 765 766
711 712 767
711 766 767
712 713 768
712 767 768
713 714 769
713 768 769
714 715 770
714 769 770
715 716 771
715 770 771
716 717 772
716 771 772
717 718 773
717 772 773
718 719 774
718 773 774
719 720 774
720 721 775
720 774 775
721 722 776
721 775 776
722 723 777
722 776 777
723 724 778
723 777 778
724 725 779
724 778 779
725 726 780
725 779 780
726 727 781
726 780 781
727 728 782
727 781 782
728 729 783
728 782 783
729 730 784
729 783 784
730 731 785
730 784 785
731 732 786
731 785 786
732 733 787
732 786 787
733 734 787
734 735 788
734 787 788
735 736 789
735 788 789
736 789 790
737 738 792
737 790 791
737 791 792
738 739 792
739 740 793
739 792 793
740 741 794
740 793 794
741 742 795
741 794 795
742 743 796
742 795 796
743 744 797
743 796 797
744 745 798
744 797 798
745 746 799
745 798 799
746 747 800
746 799 800
747 748 801
747 800 801
748 749 802
748 801 802
749 750 803
749 802 803
750 751 804
750 803 804
751 752 805
751 804 805
752 753 806
752 805 806
753 754 807
753 806 807
754 755 807
755 756 808
755 807 808
756 757 809
756 808 809
757 758 810
757 809 810
758 759 811
758 810 811
759 760 812
759 811 812
760 761 813
760 812 813
761 762 814
761 813 814
762 763 815
762 814 815
763 764 816
763 815 816
764 765 817
764 816 817
765 766 818
765 817 818
766 767 819
766 818 819
767 768 820
767 819 820
768 769 821
768 820 821
769 770 822
769 821 822
770 771 823
770 822 823
771 772 823
772 773 824
772 823 824
773 774 825
773 824 825
774 775 826
774 825 826
775 776 828
775 826 827
775 827 828
776 777 828
777 778 829
777 828 829
778 779 830
778 829 830
779 780 831
779 830 831
780 781 832
780 831 832
781 782 833
781 832 833
782 783 834
782 833 834
783 784 835
783 834 835
784 785 836
784 835 836
785 786 837
785 836 837
786 787 838
786 837 838
787 788 839
787 838 839
788 789 840
788 839 840
789 790 841
789 840 841
790 791 841
791 792 842
791 841 842
792 793 844
792 842 843
792 843 844
793 794 845
793 844 845
794 795 845
795 796 846
795 845 846
796 797 847
796 846 847
797 798 848
797 847 848
798 799 849
798 848 849
799 800 850
799 849 850
800 801 851
800 850 851
801 802 852
801 851 852
802 803 852
803 804 853
803 852 853
804 805 854
804 853 854
805 806 855
805 854 855
806 807 856
806 855 856
807 808 857
807 856 857
808 809 858
808 857 858
809 810 859
809 858 859
810 811 860
810 859 860
811 812 861
811 860 861
812 813 862
812 861 862
813 814 863
813 862 863
814 815 864
814 863 864
815 816 865
815 864 865
816 817 866
816 865 866
817 818 867
817 866 867
818 819 867
819 820 868
819 867 868
820 821 869
820 868 869
821 822 870
821 869 870
822 823 871
822 870 871
823 824 872
823 871 872
824 825 873
824 872 873
825 826 874
825 873 874
826 827 875
826 874 875
827 828 876
827 875 876
828 829 877
828 876 877
829 830 878
829 877 878
830 831 879
830 878 879
831 832 880
831 879 880
832 833 880
833 834 881
833 880 881
834 835 882
834 881 882
835 836 883
835 882 883
836 837 884
836 883 884
837 838 885
837 884 885
838 839 886
838 885 886
839 840 887
839 886 887
840 841 888
840 887 888
841 842 888
842 843 890
842 888 889
842 889 890
843 844 890
844 845 891
844 890 891
845 846 892
845 891 892
846 847 893
846 892 893
847 848 894
847 893 894
848 849 895
848 894 895
849 850 896
849 895 896
850 851 897
850 896 897
851 852 897
852 853 899
852 897 898
852 898 899
853 854 899
854 855 900
854 899 900
855 856 901
855 900 901
856 857 902
856 901 902
857 858 903
857 902 903
858 859 904
858 903 904
859 860 905
859 904 905
860 861 906
860 905 906
861 862 906
862 863 907
862 906 907
863 864 908
863 907 908
864 865 909
864 908 909
865 866 910
865 909 910
866 867 911
866 910 911
867 868 912
867 911 912
868 869 913
868 912 913
869 870 914
869 913 914
870 871 914
871 872 915
871 914 915
872 873 916
872 915 916
873 874 917
873 916 917
874 875 918
874 917 918
875 876 919
875 918 919
876 877 920
876 919 920
877 878 921
877 920 921
878 879 921
879 880 922
879 921 922
880 881 923
880 922 923
881 882 924
881 923 924
882 883 925
882 924 925
883 884 926
883 925 926
884 885 927
884 926 927
885 886 928
885 927 928
886 887 929
886 928 929
887 888 930
887 929 930
888 889 930
889 890 931
889 930 967
889 931 967
890 891 932
890 931 932
891 892 933
891 932 933
892 893 934
892 933 934
893 894 935
893 934 935
894 895 936
894 935 936
895 896 937
895 936 937
896 897 937
897 898 939
897 937 938
897 938 939
898 899 940
898 939 940
899 900 940
900 901 941
900 940 941
901 902 942
901 941 942
902 903 943
902 942 943
903 904 944
903 943 944
904 905 945
904 944 945
905 906 946
905 945 946
906 907 947
906 946 947
907 908 947
908 909 948
908 947 948
909 910 949
909 948 949
910 911 950
910 949 950
911 912 951
911 950 951
912 913 952
912 951 952
913 914 953
913 952 953
914 915 954
914 953 954
915 916 954
916 917 955
916 954 955
917 918 956
917 955 956
918 919 957
918 956 957
919 920 958
919 957 958
920 921 959
920 958 959
921 922 960
921 959 960
922 923 961
922 960 961
923 924 961
924 925 962
924 961 962
925 926 963
925 962 963
926 927 964
926 963 964
927 928 965
927 964 965
928 929 966
928 965 966
929 930 967
929 966 967
931 932 968
931 967 998
931 968 998
932 933 969
932 968 969
933 934 970
933 969 970
934 935 971
934 970 971
935 936 972
935 971 972
936 937 973
936 972 973
937 938 974
937 973 974
938 939 974
939 940 975
939 974 975
940 941 976
940 975 976
941 942 977
941 976 977
942 943 978
942 977 978
943 944 979
943 978 979
944 945 979
945 946 980
945 979 980
946 947 981
946 980 981
947 948 982
947 981 982
948 949 983
948 982 983
949 950 983
950 951 984
950 983 984
951 952 985
951 984 985
952 953 986
952 985 986
953 954 987
953 986 987
954 955 988
954 987 988
955 956 988
956 957 989
956 988 989
957 958 990
957 989 990
958 959 991
958 990 991
959 960 992
959 991 992
960 961 993
960 992 993
961 962 994
961 993 994
962 963 994
963 964 995
963 994 995
964 965 996
964 995 996
965 966 997
965 996 997
966 967 998
966 997 998
968 969 999
968 998 999
969 970 1000
969 999 1000
970 971 1001
970 1000 1001
971 972 1002
971 1001 1002
972 973 1003
972 1002 1003
973 974 1003
974 975 1004
974 1003 1004
975 976 1005
975 1004 1005
976 977 1006
976 1005 1006
977 978 1007
977 1006 1007
978 979 1007
979 980 1008
979 1007 1008
980 981 1009
980 1008 1009
981 982 1010
981 1009 1010
982 983 1011
982 1010 1011
983 984 1011
984 985 1012
984 1011 1012
985 986 1013
985 1012 1013
986 987 1014
986 1013 1014
987 988 1015
987 1014 1015
988 989 1016
988 1015 1016
989 990 1016
990 991 1017
990 1016 1017
991 992 1018
991 1017 1018
992 993 1019
992 1018 1019
993 994 1019
994 995 1020
994 1019 1020
995 996 1021
995 1020 1021
996 997 1022
996 1021 1022
997 998 1023
997 1022 1023
998 999 1023
999 1000 1024
999 1023 1024
1000 1001 1025
1000 1024 1025
1001 1002 1026
1001 1025 1026
1002 1003 1027
1002 1026 1027
1003 1004 1027
1004 1005 1028
1004 1027 1028
1005 1006 1029
1005 1028 1029
1006 1007 1030
1006 1029 1030
1007 1008 1031
1007 1030 1031
1008 1009 1031
1009 1010 1032
1009 1031 1032
1010 1011 1033
1010 1032 1033
1011 1012 1034
1011 1033 1034
1012 1013 1034
1013 1014 1035
1013 1034 1035
1014 1015 1036
1014 1035 1036
1015 1016 1037
1015 1036 1037
1016 1017 1037
1017 1018 1038
1017 1037 1038
1018 1019 1039
1018 1038 1039
1019 1020 1040
1019 1039 1040
1020 1021 1040
1021 1022 1041
1021 1040 1041
1022 1023 1042
1022 1041 1042
1023 1024 1042
1024 1025 1043
1024 1042 1043
1025 1026 1044
1025 1043 1044
1026 1027 1045
1026 1044 1045
1027 1028 1045
1028 1029 1046
1028 1045 1046
1029 1030 1047
1029 1046 1047
1030 1031 1047
1031 1032 1048
1031 1047 1048
1032 1033 1048
1033 1034 1049
1033 1048 1049
1034 1035 1050
1034 1049 1050
1035 1036 1050
1036 1037 1051
1036 1050 1051
1037 1038 1052
1037 1051 1052
1038 1039 1052
1039 1040 1053
1039 1052 1053
1040 1041 1053
1041 1042 1054
1041 1053 1054
1042 1043 1054
1043 1044 1055
1043 1054 1055
1044 1045 1056
1044 1055 1056
1045 1046 1056
1046 1047 1056
1047 1048 1057
1047 1056 1057
1048 1049 1057
1049 1050 1058
1049 1057 1058
1050 1051 1058
1051 1052 1059
1051 1058 1059
1052 1053 1059
1053 1054 1059
1054 1055 1059
