1711
0 0.0000 0.0000 24.5000 0
1 24.4903 -0.6881 0.0000 0
2 24.3594 2.6209 0.0000 0
3 24.0467 4.6911 0.0000 0
4 23.6168 6.5190 0.0000 0
5 23.3268 7.4907 0.0000 0
6 22.5237 9.6402 0.0000 0
7 21.5865 11.5876 0.0000 0
8 20.2573 13.7801 0.0000 0
9 19.5319 14.7904 0.0000 0
10 17.6327 17.0100 0.0000 0
11 16.8240 17.8102 0.0000 0
12 14.6297 19.6525 0.0000 0
13 13.1351 20.6814 0.0000 0
14 10.9810 21.9013 0.0000 0
15 9.1982 22.7078 0.0000 0
16 6.9971 23.4796 0.0000 0
17 5.0265 23.9788 0.0000 0
18 3.8231 24.1999 0.0000 0
19 1.2430 24.4684 0.0000 0
20 -0.0632 24.4999 0.0000 0
21 -1.8649 24.4289 0.0000 0
22 -4.9473 23.9953 0.0000 0
23 -6.5886 23.5975 0.0000 0
24 -8.5120 22.9738 0.0000 0
25 -10.9736 21.9050 0.0000 0
26 -12.3914 21.1354 0.0000 0
27 -14.1260 20.0177 0.0000 0
28 -16.0254 18.5320 0.0000 0
29 -17.4637 17.1834 0.0000 0
30 -18.6208 15.9222 0.0000 0
31 -19.5398 14.7799 0.0000 0
32 -20.7532 13.0212 0.0000 0
33 -22.1947 10.3752 0.0000 0
34 -22.5119 9.6677 0.0000 0
35 -23.4500 7.0957 0.0000 0
36 -23.8570 5.5763 0.0000 0
37 -24.3858 2.3625 0.0000 0
38 -24.4897 0.7095 0.0000 0
39 -24.4785 -1.0267 0.0000 0
40 -24.3122 -3.0280 0.0000 0
41 -24.0923 -4.4508 0.0000 0
42 -23.3746 -7.3402 0.0000 0
43 -23.0215 -8.3823 0.0000 0
44 -22.2211 -10.3185 0.0000 0
45 -20.9397 -12.7192 0.0000 0
46 -20.1678 -13.9108 0.0000 0
47 -18.2334 -16.3643 0.0000 0
48 -16.8008 -17.8321 0.0000 0
49 -15.3603 -19.0869 0.0000 0
50 -14.4073 -19.8161 0.0000 0
51 -12.0436 -21.3354 0.0000 0
52 -10.4065 -22.1800 0.0000 0
53 -7.8766 -23.1993 0.0000 0
54 -6.3746 -23.6562 0.0000 0
55 -4.1509 -24.1458 0.0000 0
56 -2.6293 -24.3585 0.0000 0
57 -0.6137 -24.4923 0.0000 0
58 2.0214 -24.4165 0.0000 0
59 2.9645 -24.3200 0.0000 0
60 5.0616 -23.9715 0.0000 0
61 7.1070 -23.4465 0.0000 0
62 9.3442 -22.6481 0.0000 0
63 11.7856 -21.4790 0.0000 0
64 13.5068 -20.4405 0.0000 0
65 14.2863 -19.9036 0.0000 0
66 16.2819 -18.3071 0.0000 0
67 17.8871 -16.7422 0.0000 0
68 19.1233 -15.3150 0.0000 0
69 20.5349 -13.3630 0.0000 0
70 21.5606 -11.6357 0.0000 0
71 22.2541 -10.2472 0.0000 0
72 23.1036 -8.1533 0.0000 0
73 23.5406 -6.7888 0.0000 0
74 24.2666 -3.3736 0.0000 0
75 24.3676 -2.5434 0.0000 0
76 24.3998 -0.5817 2.1353 0
77 24.3362 1.8544 2.1353 0
78 24.1353 3.6299 2.1353 0
79 23.6438 6.0550 2.1353 0
80 23.1261 7.8022 2.1353 0
81 22.0170 10.5329 2.1353 0
82 21.0817 12.2984 2.1353 0
83 20.6872 12.9511 2.1353 0
84 18.9072 15.4340 2.1353 0
85 18.0235 16.4573 2.1353 0
86 16.4159 18.0613 2.1353 0
87 14.6999 19.4834 2.1353 0
88 12.5209 20.9504 2.1353 0
89 11.4151 21.5728 2.1353 0
90 8.7961 22.7666 2.1353 0
91 7.8205 23.1199 2.1353 0
92 5.2836 23.8280 2.1353 0
93 3.3221 24.1796 2.1353 0
94 1.4748 24.3622 2.1353 0
95 -0.8037 24.3935 2.1353 0
96 -2.7958 24.2461 2.1353 0
97 -4.1054 24.0590 2.1353 0
98 -6.0325 23.6495 2.1353 0
99 -9.1946 22.6086 2.1353 0
100 -9.9502 22.2864 2.1353 0
101 -11.6005 21.4737 2.1353 0
102 -14.0034 19.9899 2.1353 0
103 -15.9880 18.4411 2.1353 0
104 -17.2542 17.2622 2.1353 0
105 -18.1737 16.2913 2.1353 0
106 -19.6310 14.5022 2.1353 0
107 -20.8466 12.6930 2.1353 0
108 -22.1685 10.2102 2.1353 0
109 -22.5011 9.4547 2.1353 0
110 -23.5115 6.5499 2.1353 0
111 -23.9170 4.8651 2.1353 0
112 -24.1907 3.2403 2.1353 0
113 -24.3620 1.4781 2.1353 0
114 -24.3896 -0.9161 2.1353 0
115 -24.2176 -3.0326 2.1353 0
116 -23.9837 -4.5249 2.1353 0
117 -23.3265 -7.1808 2.1353 0
118 -22.8386 -8.6074 2.1353 0
119 -21.9367 -10.6992 2.1353 0
120 -20.8129 -12.7481 2.1353 0
121 -19.9588 -14.0477 2.1353 0
122 -18.6766 -15.7122 2.1353 0
123 -16.9525 -17.5586 2.1353 0
124 -15.8231 -18.5828 2.1353 0
125 -13.5331 -20.3112 2.1353 0
126 -11.5807 -21.4844 2.1353 0
127 -10.0831 -22.2266 2.1353 0
128 -8.7233 -22.7946 2.1353 0
129 -6.4437 -23.5408 2.1353 0
130 -5.1413 -23.8591 2.1353 0
131 -1.9535 -24.3285 2.1353 0
132 0.0497 -24.4067 2.1353 0
133 2.0007 -24.3246 2.1353 0
134 3.2153 -24.1940 2.1353 0
135 5.7089 -23.7297 2.1353 0
136 6.8681 -23.4205 2.1353 0
137 9.3561 -22.5423 2.1353 0
138 11.0616 -21.7562 2.1353 0
139 12.6528 -20.8710 2.1353 0
140 14.3755 -19.7240 2.1353 0
141 16.2465 -18.2138 2.1353 0
142 17.3761 -17.1395 2.1353 0
143 19.2175 -15.0459 2.1353 0
144 20.3051 -13.5423 2.1353 0
145 21.5258 -11.5035 2.1353 0
146 22.4152 -9.6566 2.1353 0
147 23.1157 -7.8330 2.1353 0
148 23.4592 -6.7346 2.1353 0
149 23.9506 -4.6970 2.1353 0
150 24.2974 -2.3078 2.1353 0
151 24.1277 0.0452 4.2544 0
152 24.0207 2.2712 4.2544 0
153 23.8032 3.9443 4.2544 0
154 23.2269 6.5316 4.2544 0
155 22.6411 8.3384 4.2544 0
156 21.6947 10.5590 4.2544 0
157 21.0415 11.8070 4.2544 0
158 20.1322 13.2982 4.2544 0
159 19.1294 14.7043 4.2544 0
160 17.3065 16.8118 4.2544 0
161 15.6321 18.3790 4.2544 0
162 14.4371 19.3319 4.2544 0
163 13.1562 20.2253 4.2544 0
164 11.1664 21.3883 4.2544 0
165 9.4644 22.1940 4.2544 0
166 7.3709 22.9743 4.2544 0
167 5.1689 23.5676 4.2544 0
168 3.0253 23.9374 4.2544 0
169 1.0862 24.1033 4.2544 0
170 -1.5724 24.0765 4.2544 0
171 -3.0909 23.9290 4.2544 0
172 -5.7158 23.4410 4.2544 0
173 -7.2576 23.0104 4.2544 0
174 -9.6140 22.1296 4.2544 0
175 -10.5223 21.7125 4.2544 0
176 -12.8691 20.4092 4.2544 0
177 -14.0979 19.5806 4.2544 0
178 -16.1285 17.9450 4.2544 0
179 -17.6155 16.4877 4.2544 0
180 -18.3688 15.6441 4.2544 0
181 -19.7870 13.8067 4.2544 0
182 -20.8641 12.1178 4.2544 0
183 -22.0859 9.7140 4.2544 0
184 -22.9124 7.5611 4.2544 0
185 -23.2909 6.2996 4.2544 0
186 -23.8467 3.6725 4.2544 0
187 -24.0613 1.7905 4.2544 0
188 -24.1170 0.7216 4.2544 0
189 -24.0277 -2.1951 4.2544 0
190 -23.8082 -3.9142 4.2544 0
191 -23.1885 -6.6667 4.2544 0
192 -22.9823 -7.3462 4.2544 0
193 -22.0085 -9.8882 4.2544 0
194 -21.1177 -11.6702 4.2544 0
195 -20.0221 -13.4635 4.2544 0
196 -18.5215 -15.4630 4.2544 0
197 -17.5979 -16.5065 4.2544 0
198 -15.6255 -18.3846 4.2544 0
199 -14.3809 -19.3737 4.2544 0
200 -13.2237 -20.1813 4.2544 0
201 -11.2837 -21.3267 4.2544 0
202 -8.6943 -22.5069 4.2544 0
203 -7.1022 -23.0588 4.2544 0
204 -5.5788 -23.4740 4.2544 0
205 -3.2951 -23.9017 4.2544 0
206 -0.8670 -24.1122 4.2544 0
207 0.5733 -24.1210 4.2544 0
208 3.4103 -23.8856 4.2544 0
209 4.7148 -23.6626 4.2544 0
210 7.6468 -22.8840 4.2544 0
211 8.6818 -22.5117 4.2544 0
212 11.2079 -21.3667 4.2544 0
213 12.2603 -20.7807 4.2544 0
214 14.0960 -19.5819 4.2544 0
215 15.4867 -18.5017 4.2544 0
216 17.4962 -16.6143 4.2544 0
217 18.9397 -14.9479 4.2544 0
218 20.0282 -13.4544 4.2544 0
219 21.0107 -11.8617 4.2544 0
220 22.0721 -9.7453 4.2544 0
221 22.8206 -7.8340 4.2544 0
222 23.4139 -5.8259 4.2544 0
223 23.8135 -3.8817 4.2544 0
224 24.0873 -1.3965 4.2544 0
225 23.6615 -0.4152 6.3411 0
226 23.5500 2.3316 6.3411 0
227 23.3769 3.6825 6.3411 0
228 23.0132 5.5165 6.3411 0
229 22.2243 8.1315 6.3411 0
230 21.5369 9.8083 6.3411 0
231 20.6080 11.6341 6.3411 0
232 19.3664 13.6008 6.3411 0
233 18.0258 15.3333 6.3411 0
234 17.0616 16.3994 6.3411 0
235 15.2513 18.0953 6.3411 0
236 13.9244 19.1351 6.3411 0
237 11.7039 20.5684 6.3411 0
238 9.9041 21.4930 6.3411 0
239 8.7885 21.9728 6.3411 0
240 6.3782 22.7895 6.3411 0
241 4.4392 23.2451 6.3411 0
242 2.4834 23.5345 6.3411 0
243 -0.0185 23.6652 6.3411 0
244 -1.1916 23.6352 6.3411 0
245 -3.2943 23.4348 6.3411 0
246 -5.0198 23.1267 6.3411 0
247 -8.0987 22.2363 6.3411 0
248 -9.5981 21.6314 6.3411 0
249 -11.2140 20.8395 6.3411 0
250 -13.1541 19.6726 6.3411 0
251 -14.6910 18.5530 6.3411 0
252 -16.3378 17.1207 6.3411 0
253 -17.6511 15.7632 6.3411 0
254 -19.0913 13.9844 6.3411 0
255 -20.0742 12.5326 6.3411 0
256 -21.3744 10.1576 6.3411 0
257 -21.7575 9.3088 6.3411 0
258 -22.4262 7.5568 6.3411 0
259 -22.9942 5.5955 6.3411 0
260 -23.3800 3.6631 6.3411 0
261 -23.6370 1.1541 6.3411 0
262 -23.6463 -0.9445 6.3411 0
263 -23.4921 -2.8569 6.3411 0
264 -23.0363 -5.4196 6.3411 0
265 -22.5447 -7.1958 6.3411 0
266 -21.7627 -9.2966 6.3411 0
267 -20.7740 -11.3350 6.3411 0
268 -19.6912 -13.1262 6.3411 0
269 -19.1643 -13.8842 6.3411 0
270 -17.9493 -15.4228 6.3411 0
271 -15.9797 -17.4554 6.3411 0
272 -15.0918 -18.2285 6.3411 0
273 -12.9582 -19.8022 6.3411 0
274 -11.2017 -20.8462 6.3411 0
275 -8.9330 -21.9144 6.3411 0
276 -7.5269 -22.4363 6.3411 0
277 -5.6969 -22.9692 6.3411 0
278 -3.3091 -23.4327 6.3411 0
279 -1.1830 -23.6356 6.3411 0
280 0.5378 -23.6591 6.3411 0
281 2.3251 -23.5507 6.3411 0
282 4.0635 -23.3137 6.3411 0
283 6.6518 -22.7111 6.3411 0
284 8.1473 -22.2185 6.3411 0
285 9.7450 -21.5656 6.3411 0
286 12.4362 -20.1341 6.3411 0
287 13.5281 -19.4173 6.3411 0
288 15.3649 -17.9989 6.3411 0
289 17.0992 -16.3603 6.3411 0
290 18.1450 -15.1921 6.3411 0
291 19.6874 -13.1320 6.3411 0
292 20.5044 -11.8157 6.3411 0
293 21.6152 -9.6346 6.3411 0
294 22.3730 -7.7129 6.3411 0
295 22.8595 -6.1225 6.3411 0
296 23.1883 -4.7271 6.3411 0
297 23.5556 -2.2747 6.3411 0
298 23.0222 -0.1050 8.3795 0
299 22.9584 1.7170 8.3795 0
300 22.7330 3.6391 8.3795 0
301 22.0946 6.4702 8.3795 0
302 21.6286 7.8891 8.3795 0
303 20.5692 10.3413 8.3795 0
304 19.9286 11.5275 8.3795 0
305 18.5253 13.6692 8.3795 0
306 17.5827 14.8622 8.3795 0
307 15.7895 16.7549 8.3795 0
308 14.3050 18.0388 8.3795 0
309 13.0893 18.9395 8.3795 0
310 11.5584 19.9107 8.3795 0
311 9.0258 21.1795 8.3795 0
312 6.9086 21.9614 8.3795 0
313 5.7796 22.2852 8.3795 0
314 3.3162 22.7824 8.3795 0
315 1.6119 22.9660 8.3795 0
316 -0.9718 23.0019 8.3795 0
317 -2.9120 22.8376 8.3795 0
318 -4.1004 22.6544 8.3795 0
319 -7.0107 21.9291 8.3795 0
320 -9.0847 21.1543 8.3795 0
321 -10.3335 20.5731 8.3795 0
322 -12.5447 19.3045 8.3795 0
323 -13.8760 18.3709 8.3795 0
324 -14.9942 17.4702 8.3795 0
325 -16.5232 16.0317 8.3795 0
326 -18.0552 14.2844 8.3795 0
327 -19.5031 12.2337 8.3795 0
328 -20.5562 10.3670 8.3795 0
329 -21.3737 8.5556 8.3795 0
330 -21.8489 7.2568 8.3795 0
331 -22.4717 5.0059 8.3795 0
332 -22.7377 3.6101 8.3795 0
333 -22.9698 1.5563 8.3795 0
334 -23.0167 -0.5140 8.3795 0
335 -22.7858 -3.2927 8.3795 0
336 -22.4628 -5.0455 8.3795 0
337 -22.0543 -6.6061 8.3795 0
338 -21.2236 -8.9214 8.3795 0
339 -20.5730 -10.3338 8.3795 0
340 -19.6465 -12.0021 8.3795 0
341 -17.8311 -14.5631 8.3795 0
342 -16.7530 -15.7915 8.3795 0
343 -14.9052 -17.5462 8.3795 0
344 -13.5587 -18.6063 8.3795 0
345 -11.9964 -19.6500 8.3795 0
346 -9.9225 -20.7745 8.3795 0
347 -7.9649 -21.6008 8.3795 0
348 -5.8773 -22.2596 8.3795 0
349 -5.2311 -22.4203 8.3795 0
350 -2.0370 -22.9322 8.3795 0
351 -0.3531 -23.0198 8.3795 0
352 2.2045 -22.9167 8.3795 0
353 3.5891 -22.7410 8.3795 0
354 5.5201 -22.3509 8.3795 0
355 7.8948 -21.6265 8.3795 0
356 9.0491 -21.1695 8.3795 0
357 11.2136 -20.1069 8.3795 0
358 13.4051 -18.7173 8.3795 0
359 14.6607 -17.7510 8.3795 0
360 16.4372 -16.1200 8.3795 0
361 17.7034 -14.7181 8.3795 0
362 18.8136 -13.2696 8.3795 0
363 19.6723 -11.9596 8.3795 0
364 20.9031 -9.6486 8.3795 0
365 21.3879 -8.5200 8.3795 0
366 22.2611 -5.8718 8.3795 0
367 22.7011 -3.8335 8.3795 0
368 22.9584 -1.7170 8.3795 0
369 22.1983 0.5263 10.3541 0
370 22.0404 2.6947 10.3541 0
371 21.7570 4.4357 10.3541 0
372 21.3266 6.1820 10.3541 0
373 20.4898 8.5564 10.3541 0
374 19.8284 9.9939 10.3541 0
375 19.2130 11.1311 10.3541 0
376 18.0226 12.9702 10.3541 0
377 16.0763 15.3165 10.3541 0
378 14.9747 16.3951 10.3541 0
379 13.0077 17.9956 10.3541 0
380 12.0201 18.6697 10.3541 0
381 9.8343 19.9080 10.3541 0
382 7.8578 20.7677 10.3541 0
383 6.6803 21.1758 10.3541 0
384 3.9281 21.8543 10.3541 0
385 2.2332 22.0920 10.3541 0
386 0.6067 22.1963 10.3541 0
387 -2.0348 22.1111 10.3541 0
388 -3.6723 21.8988 10.3541 0
389 -5.5867 21.4902 10.3541 0
390 -7.6501 20.8451 10.3541 0
391 -9.4690 20.0843 10.3541 0
392 -11.3311 19.0958 10.3541 0
393 -12.8846 18.0840 10.3541 0
394 -15.0932 16.2861 10.3541 0
395 -16.2100 15.1749 10.3541 0
396 -17.7509 13.3397 10.3541 0
397 -19.0157 11.4649 10.3541 0
398 -19.8762 9.8985 10.3541 0
399 -20.7225 7.9762 10.3541 0
400 -21.3366 6.1475 10.3541 0
401 -21.7277 4.5769 10.3541 0
402 -22.1086 2.0617 10.3541 0
403 -22.1995 -0.4754 10.3541 0
404 -22.0577 -2.5497 10.3541 0
405 -21.8812 -3.7756 10.3541 0
406 -21.4610 -5.6979 10.3541 0
407 -20.6733 -8.1028 10.3541 0
408 -19.7917 -10.0662 10.3541 0
409 -18.9373 -11.5940 10.3541 0
410 -17.9554 -13.0631 10.3541 0
411 -15.9969 -15.3994 10.3541 0
412 -15.3702 -16.0249 10.3541 0
413 -13.8012 -17.3945 10.3541 0
414 -12.0963 -18.6204 10.3541 0
415 -10.2975 -19.6724 10.3541 0
416 -7.8691 -20.7634 10.3541 0
417 -5.9810 -21.3839 10.3541 0
418 -4.6715 -21.7076 10.3541 0
419 -1.4698 -22.1558 10.3541 0
420 0.3080 -22.2024 10.3541 0
421 2.3675 -22.0780 10.3541 0
422 3.5007 -21.9269 10.3541 0
423 6.5420 -21.2189 10.3541 0
424 8.5639 -20.4866 10.3541 0
425 10.4771 -19.5773 10.3541 0
426 12.0974 -18.6197 10.3541 0
427 13.6861 -17.4852 10.3541 0
428 14.9724 -16.3972 10.3541 0
429 16.1137 -15.2771 10.3541 0
430 17.6370 -13.4900 10.3541 0
431 18.6145 -12.1055 10.3541 0
432 19.5870 -10.4589 10.3541 0
433 20.9114 -7.4669 10.3541 0
434 21.2821 -6.3335 10.3541 0
435 21.7742 -4.3505 10.3541 0
436 22.0879 -2.2727 10.3541 0
437 21.2176 -0.0423 12.2500 0
438 21.0993 2.2374 12.2500 0
439 20.9310 3.4758 12.2500 0
440 20.2015 6.4874 12.2500 0
441 19.6225 8.0713 12.2500 0
442 18.5714 10.2611 12.2500 0
443 17.8543 11.4634 12.2500 0
444 16.5862 13.2320 12.2500 0
445 15.5781 14.4053 12.2500 0
446 13.9967 15.9462 12.2500 0
447 11.8801 17.5798 12.2500 0
448 10.5010 18.4368 12.2500 0
449 8.0014 19.6511 12.2500 0
450 7.0217 20.0221 12.2500 0
451 3.9633 20.8442 12.2500 0
452 2.5065 21.0691 12.2500 0
453 0.2467 21.2162 12.2500 0
454 -2.1766 21.1057 12.2500 0
455 -3.3030 20.9590 12.2500 0
456 -5.4679 20.5010 12.2500 0
457 -7.4816 19.8548 12.2500 0
458 -9.7065 18.8672 12.2500 0
459 -11.5407 17.8045 12.2500 0
460 -12.4704 17.1662 12.2500 0
461 -14.1438 15.8159 12.2500 0
462 -15.7614 14.2045 12.2500 0
463 -16.8243 12.9280 12.2500 0
464 -18.3032 10.7322 12.2500 0
465 -19.1518 9.1321 12.2500 0
466 -19.8726 7.4343 12.2500 0
467 -20.5083 5.4402 12.2500 0
468 -21.0639 2.5494 12.2500 0
469 -21.2025 0.7998 12.2500 0
470 -21.1948 -0.9846 12.2500 0
471 -20.9119 -3.5890 12.2500 0
472 -20.7170 -4.5820 12.2500 0
473 -19.9078 -7.3393 12.2500 0
474 -19.1117 -9.2157 12.2500 0
475 -18.2485 -10.8250 12.2500 0
476 -17.4009 -12.1406 12.2500 0
477 -15.7985 -14.1632 12.2500 0
478 -14.6368 -15.3607 12.2500 0
479 -13.2531 -16.5693 12.2500 0
480 -11.5075 -17.8260 12.2500 0
481 -8.9456 -19.2396 12.2500 0
482 -8.0365 -19.6368 12.2500 0
483 -5.8928 -20.3829 12.2500 0
484 -4.1363 -20.8105 12.2500 0
485 -1.6116 -21.1563 12.2500 0
486 -0.1130 -21.2173 12.2500 0
487 3.0637 -20.9953 12.2500 0
488 4.1968 -20.7984 12.2500 0
489 6.0574 -20.3346 12.2500 0
490 8.2459 -19.5497 12.2500 0
491 10.2620 -18.5709 12.2500 0
492 11.6280 -17.7476 12.2500 0
493 14.1626 -15.7990 12.2500 0
494 15.0317 -14.9745 12.2500 0
495 16.3784 -13.4883 12.2500 0
496 17.4331 -12.0944 12.2500 0
497 18.6653 -10.0893 12.2500 0
498 19.4239 -8.5382 12.2500 0
499 20.3337 -6.0604 12.2500 0
500 20.8843 -3.7461 12.2500 0
501 21.1342 -1.8800 12.2500 0
502 20.0631 -0.4942 14.0526 0
503 20.0110 1.5273 14.0526 0
504 19.5884 4.3666 14.0526 0
505 18.9970 6.4720 14.0526 0
506 18.4267 7.9518 14.0526 0
507 17.7712 9.3252 14.0526 0
508 16.2447 11.7850 14.0526 0
509 15.3541 12.9239 14.0526 0
510 14.0059 14.3739 14.0526 0
511 12.0484 16.0502 14.0526 0
512 11.1120 16.7122 14.0526 0
513 9.3236 17.7720 14.0526 0
514 6.7800 18.8893 14.0526 0
515 4.9096 19.4594 14.0526 0
516 3.0079 19.8425 14.0526 0
517 0.7399 20.0556 14.0526 0
518 -1.2658 20.0293 14.0526 0
519 -3.3738 19.7836 14.0526 0
520 -4.7826 19.4910 14.0526 0
521 -7.1873 18.7381 14.0526 0
522 -8.8996 17.9881 14.0526 0
523 -10.5099 17.0973 14.0526 0
524 -11.8625 16.1881 14.0526 0
525 -14.0698 14.3114 14.0526 0
526 -15.0995 13.2204 14.0526 0
527 -16.5460 11.3580 14.0526 0
528 -17.6867 9.4844 14.0526 0
529 -18.2498 8.3498 14.0526 0
530 -19.0098 6.4343 14.0526 0
531 -19.6703 3.9814 14.0526 0
532 -19.9644 2.0481 14.0526 0
533 -20.0637 -0.4705 14.0526 0
534 -19.9266 -2.3885 14.0526 0
535 -19.5996 -4.3161 14.0526 0
536 -19.3037 -5.4900 14.0526 0
537 -18.6397 -7.4389 14.0526 0
538 -17.7827 -9.3031 14.0526 0
539 -16.2641 -11.7582 14.0526 0
540 -14.8746 -13.4729 14.0526 0
541 -13.6657 -14.6977 14.0526 0
542 -12.6321 -15.5950 14.0526 0
543 -10.3872 -17.1721 14.0526 0
544 -9.2575 -17.8065 14.0526 0
545 -7.4005 -18.6549 14.0526 0
546 -4.8661 -19.4704 14.0526 0
547 -3.2428 -19.8055 14.0526 0
548 -0.8313 -20.0520 14.0526 0
549 1.3162 -20.0260 14.0526 0
550 3.1381 -19.8224 14.0526 0
551 5.3099 -19.3540 14.0526 0
552 6.6696 -18.9286 14.0526 0
553 9.0917 -17.8918 14.0526 0
554 11.0929 -16.7249 14.0526 0
555 12.6312 -15.5958 14.0526 0
556 13.4614 -14.8850 14.0526 0
557 15.1224 -13.1942 14.0526 0
558 16.3815 -11.5939 14.0526 0
559 17.6546 -9.5441 14.0526 0
560 18.4890 -7.8058 14.0526 0
561 19.2503 -5.6744 14.0526 0
562 19.6257 -4.1960 14.0526 0
563 19.9273 -2.3825 14.0526 0
564 18.7621 -0.4731 15.7483 0
565 18.6174 2.3738 15.7483 0
566 18.3846 3.7748 15.7483 0
567 17.7923 5.9729 15.7483 0
568 16.9477 8.0633 15.7483 0
569 16.1492 9.5627 15.7483 0
570 14.7103 11.6554 15.7483 0
571 13.4650 13.0742 15.7483 0
572 12.2363 14.2308 15.7483 0
573 9.9935 15.8862 15.7483 0
574 8.8798 16.5345 15.7483 0
575 6.8010 17.4925 15.7483 0
576 4.8981 18.1177 15.7483 0
577 2.5429 18.5950 15.7483 0
578 0.9844 18.7423 15.7483 0
579 -1.4418 18.7126 15.7483 0
580 -3.1531 18.5013 15.7483 0
581 -5.1774 18.0398 15.7483 0
582 -7.8361 17.0539 15.7483 0
583 -9.1767 16.3716 15.7483 0
584 -11.2104 15.0522 15.7483 0
585 -13.0973 13.4426 15.7483 0
586 -14.1023 12.3842 15.7483 0
587 -15.5491 10.5102 15.7483 0
588 -16.6446 8.6717 15.7483 0
589 -17.3594 7.1340 15.7483 0
590 -18.1076 4.9353 15.7483 0
591 -18.4333 3.5289 15.7483 0
592 -18.7604 0.5378 15.7483 0
593 -18.7559 -0.6765 15.7483 0
594 -18.5543 -2.8248 15.7483 0
595 -17.9642 -5.4341 15.7483 0
596 -17.3939 -7.0495 15.7483 0
597 -16.3573 -9.2022 15.7483 0
598 -15.4907 -10.5962 15.7483 0
599 -14.3225 -12.1288 15.7483 0
600 -13.0959 -13.4439 15.7483 0
601 -10.9547 -15.2393 15.7483 0
602 -9.4538 -16.2132 15.7483 0
603 -7.5896 -17.1650 15.7483 0
604 -5.4824 -17.9495 15.7483 0
605 -4.0917 -18.3166 15.7483 0
606 -1.7599 -18.6854 15.7483 0
607 0.8291 -18.7498 15.7483 0
608 2.8004 -18.5580 15.7483 0
609 4.1903 -18.2943 15.7483 0
610 6.1826 -17.7205 15.7483 0
611 8.0555 -16.9514 15.7483 0
612 9.7889 -16.0131 15.7483 0
613 11.8632 -14.5432 15.7483 0
614 13.5762 -12.9587 15.7483 0
615 14.9660 -11.3252 15.7483 0
616 16.0076 -9.7979 15.7483 0
617 16.7771 -8.4124 15.7483 0
618 17.7996 -5.9511 15.7483 0
619 18.2156 -4.5203 15.7483 0
620 18.6035 -2.4802 15.7483 0
621 17.3190 -0.4205 17.3241 0
622 17.2428 1.6761 17.3241 0
623 16.9177 3.7306 17.3241 0
624 16.3480 5.7330 17.3241 0
625 15.4989 7.7401 17.3241 0
626 14.4753 9.5180 17.3241 0
627 13.3145 11.0838 17.3241 0
628 11.8846 12.6048 17.3241 0
629 9.7623 14.3116 17.3241 0
630 8.1769 15.2730 17.3241 0
631 6.4567 16.0759 17.3241 0
632 4.8845 16.6213 17.3241 0
633 2.8558 17.0871 17.3241 0
634 0.9557 17.2977 17.3241 0
635 -1.9696 17.2118 17.3241 0
636 -3.7800 16.9067 17.3241 0
637 -5.6057 16.3921 17.3241 0
638 -7.2736 15.7232 17.3241 0
639 -8.9505 14.8329 17.3241 0
640 -11.0151 13.3714 17.3241 0
641 -12.7808 11.6952 17.3241 0
642 -13.5579 10.7846 17.3241 0
643 -14.7862 9.0274 17.3241 0
644 -15.8102 7.0826 17.3241 0
645 -16.4330 5.4847 17.3241 0
646 -17.0840 2.8745 17.3241 0
647 -17.2873 1.1284 17.3241 0
648 -17.2564 -1.5307 17.3241 0
649 -17.0688 -2.9636 17.3241 0
650 -16.5314 -5.1804 17.3241 0
651 -15.9966 -6.6509 17.3241 0
652 -14.9796 -8.7026 17.3241 0
653 -13.9827 -10.2279 17.3241 0
654 -12.2403 -12.2597 17.3241 0
655 -10.6111 -13.6942 17.3241 0
656 -9.3798 -14.5652 17.3241 0
657 -7.2746 -15.7228 17.3241 0
658 -5.7523 -16.3413 17.3241 0
659 -3.5370 -16.9592 17.3241 0
660 -1.1911 -17.2831 17.3241 0
661 0.6155 -17.3132 17.3241 0
662 2.3871 -17.1589 17.3241 0
663 4.3632 -16.7657 17.3241 0
664 6.4648 -16.0727 17.3241 0
665 8.2929 -15.2103 17.3241 0
666 9.9797 -14.1609 17.3241 0
667 11.7385 -12.7410 17.3241 0
668 13.2877 -11.1159 17.3241 0
669 14.3243 -9.7437 17.3241 0
670 15.3786 -7.9765 17.3241 0
671 16.0990 -6.3991 17.3241 0
672 16.7155 -4.5517 17.3241 0
673 17.1751 -2.2671 17.3241 0
674 15.7473 -0.1741 18.7681 0
675 15.5938 2.2008 18.7681 0
676 15.0930 4.4954 18.7681 0
677 14.3854 6.4085 18.7681 0
678 13.6585 7.8393 18.7681 0
679 12.6431 9.3893 18.7681 0
680 10.9563 11.3123 18.7681 0
681 9.3895 12.6430 18.7681 0
682 7.6745 13.7518 18.7681 0
683 5.8112 14.6369 18.7681 0
684 4.4379 15.1101 18.7681 0
685 1.8837 15.6352 18.7681 0
686 0.0351 15.7483 18.7681 0
687 -1.7830 15.6470 18.7681 0
688 -3.7048 15.3063 18.7681 0
689 -6.3106 14.4286 18.7681 0
690 -7.6041 13.7908 18.7681 0
691 -9.3303 12.6868 18.7681 0
692 -11.2471 11.0232 18.7681 0
693 -12.7194 9.2857 18.7681 0
694 -13.6463 7.8605 18.7681 0
695 -14.6224 5.8475 18.7681 0
696 -15.1228 4.3943 18.7681 0
697 -15.6641 1.6259 18.7681 0
698 -15.7482 -0.0390 18.7681 0
699 -15.5903 -2.2254 18.7681 0
700 -15.3201 -3.6473 18.7681 0
701 -14.4341 -6.2981 18.7681 0
702 -13.5183 -8.0787 18.7681 0
703 -12.7112 -9.2970 18.7681 0
704 -11.1188 -11.1526 18.7681 0
705 -9.7182 -12.3921 18.7681 0
706 -7.8357 -13.6605 18.7681 0
707 -6.1156 -14.5123 18.7681 0
708 -4.1541 -15.1905 18.7681 0
709 -2.3571 -15.5709 18.7681 0
710 -0.2334 -15.7466 18.7681 0
711 1.6012 -15.6667 18.7681 0
712 4.4650 -15.1021 18.7681 0
713 6.1618 -14.4928 18.7681 0
714 8.2288 -13.4274 18.7681 0
715 9.3303 -12.6868 18.7681 0
716 11.4162 -10.8481 18.7681 0
717 12.6631 -9.3624 18.7681 0
718 13.6752 -7.8101 18.7681 0
719 14.5275 -6.0794 18.7681 0
720 15.1502 -4.2989 18.7681 0
721 15.6431 -1.8170 18.7681 0
722 14.0507 -0.2295 20.0692 0
723 13.9518 1.6807 20.0692 0
724 13.3899 4.2646 20.0692 0
725 12.6618 6.0956 20.0692 0
726 11.6184 7.9050 20.0692 0
727 10.3854 9.4667 20.0692 0
728 9.0416 10.7576 20.0692 0
729 7.3993 11.9468 20.0692 0
730 5.2489 13.0355 20.0692 0
731 3.7036 13.5558 20.0692 0
732 1.2722 13.9949 20.0692 0
733 -0.7575 14.0322 20.0692 0
734 -2.8449 13.7616 20.0692 0
735 -4.5418 13.2984 20.0692 0
736 -6.5273 12.4447 20.0692 0
737 -8.4838 11.2027 20.0692 0
738 -9.7194 10.1494 20.0692 0
739 -10.8912 8.8802 20.0692 0
740 -12.4034 6.6054 20.0692 0
741 -13.1646 4.9162 20.0692 0
742 -13.6892 3.1750 20.0692 0
743 -14.0395 0.6060 20.0692 0
744 -14.0302 -0.7929 20.0692 0
745 -13.6878 -3.1812 20.0692 0
746 -13.0934 -5.1029 20.0692 0
747 -12.3010 -6.7943 20.0692 0
748 -11.3050 -8.3470 20.0692 0
749 -10.0387 -9.8336 20.0692 0
750 -8.2308 -11.3899 20.0692 0
751 -6.6620 -12.3731 20.0692 0
752 -4.3561 -13.3604 20.0692 0
753 -2.6602 -13.7985 20.0692 0
754 -0.2244 -14.0508 20.0692 0
755 1.7338 -13.9453 20.0692 0
756 3.6125 -13.5804 20.0692 0
757 5.2434 -13.0377 20.0692 0
758 7.6481 -11.7891 20.0692 0
759 8.8356 -10.9274 20.0692 0
760 10.7023 -9.1070 20.0692 0
761 11.5893 -7.9476 20.0692 0
762 12.6782 -6.0614 20.0692 0
763 13.3521 -4.3814 20.0692 0
764 13.9196 -1.9287 20.0692 0
765 12.2477 -0.2377 21.2176 0
766 12.1264 1.7357 21.2176 0
767 11.4938 4.2372 21.2176 0
768 10.7493 5.8749 21.2176 0
769 9.4554 7.7883 21.2176 0
770 8.1580 9.1384 21.2176 0
771 6.3419 10.4806 21.2176 0
772 4.8959 11.2291 21.2176 0
773 2.2813 12.0357 21.2176 0
774 0.2963 12.2464 21.2176 0
775 -1.7373 12.1262 21.2176 0
776 -3.8093 11.6427 21.2176 0
777 -5.4373 10.9772 21.2176 0
778 -7.3543 9.7968 21.2176 0
779 -8.8828 8.4356 21.2176 0
780 -10.1618 6.8411 21.2176 0
781 -11.0925 5.1979 21.2176 0
782 -11.8062 3.2674 21.2176 0
783 -12.2028 1.0747 21.2176 0
784 -12.2214 -0.8368 21.2176 0
785 -11.7956 -3.3055 21.2176 0
786 -11.0087 -5.3733 21.2176 0
787 -10.3410 -6.5671 21.2176 0
788 -8.8256 -8.4954 21.2176 0
789 -7.5291 -9.6631 21.2176 0
790 -5.3133 -11.0377 21.2176 0
791 -3.2374 -11.8145 21.2176 0
792 -1.8751 -12.1056 21.2176 0
793 0.8465 -12.2207 21.2176 0
794 2.2292 -12.0455 21.2176 0
795 4.6942 -11.3149 21.2176 0
796 6.6016 -10.3190 21.2176 0
797 8.1123 -9.1789 21.2176 0
798 9.7085 -7.4704 21.2176 0
799 10.8361 -5.7132 21.2176 0
800 11.5811 -3.9925 21.2176 0
801 12.0253 -2.3354 21.2176 0
802 10.3526 -0.1782 22.2045 0
803 10.1807 1.8873 22.2045 0
804 9.6254 3.8158 22.2045 0
805 8.6377 5.7096 22.2045 0
806 7.0802 7.5551 22.2045 0
807 5.2394 8.9307 22.2045 0
808 3.6821 9.6773 22.2045 0
809 1.6237 10.2260 22.2045 0
810 -0.8296 10.3209 22.2045 0
811 -2.8667 9.9494 22.2045 0
812 -4.6598 9.2463 22.2045 0
813 -6.5788 7.9955 22.2045 0
814 -7.9650 6.6157 22.2045 0
815 -9.0026 5.1148 22.2045 0
816 -9.9095 3.0017 22.2045 0
817 -10.2834 1.2081 22.2045 0
818 -10.3133 -0.9190 22.2045 0
819 -9.8446 -3.2080 22.2045 0
820 -9.0446 -5.0403 22.2045 0
821 -7.8925 -6.7019 22.2045 0
822 -6.2865 -8.2273 22.2045 0
823 -4.4173 -9.3646 22.2045 0
824 -2.5442 -10.0367 22.2045 0
825 -0.4918 -10.3425 22.2045 0
826 1.6201 -10.2266 22.2045 0
827 3.6030 -9.7070 22.2045 0
828 5.2515 -8.9236 22.2045 0
829 7.2335 -7.4084 22.2045 0
830 8.6734 -5.6552 22.2045 0
831 9.4784 -4.1675 22.2045 0
832 10.1979 -1.7919 22.2045 0
833 8.3791 -0.0782 23.0225 0
834 8.0651 2.2739 23.0225 0
835 7.3541 4.0166 23.0225 0
836 6.1385 5.7040 23.0225 0
837 4.6106 6.9970 23.0225 0
838 2.7700 7.9084 23.0225 0
839 0.6232 8.3563 23.0225 0
840 -1.6831 8.2087 23.0225 0
841 -3.6976 7.5196 23.0225 0
842 -5.4169 6.3932 23.0225 0
843 -6.6295 5.1250 23.0225 0
844 -7.8537 2.9216 23.0225 0
845 -8.3376 0.8366 23.0225 0
846 -8.2950 -1.1869 23.0225 0
847 -7.8737 -2.8671 23.0225 0
848 -6.8154 -4.8750 23.0225 0
849 -5.2607 -6.5223 23.0225 0
850 -3.4618 -7.6310 23.0225 0
851 -1.7078 -8.2036 23.0225 0
852 0.4088 -8.3695 23.0225 0
853 2.6730 -7.9417 23.0225 0
854 4.4803 -7.0812 23.0225 0
855 6.1513 -5.6901 23.0225 0
856 7.2774 -4.1539 23.0225 0
857 8.0738 -2.2427 23.0225 0
858 6.3397 0.1315 23.6652 0
859 5.9214 2.2685 23.6652 0
860 4.7443 4.2072 23.6652 0
861 3.3050 5.4117 23.6652 0
862 1.2257 6.2215 23.6652 0
863 -0.9433 6.2705 23.6652 0
864 -3.1670 5.4936 23.6652 0
865 -4.7780 4.1689 23.6652 0
866 -6.0108 2.0197 23.6652 0
867 -6.3390 0.1599 23.6652 0
868 -6.0184 -1.9970 23.6652 0
869 -4.8428 -4.0934 23.6652 0
870 -3.0759 -5.5451 23.6652 0
871 -1.1749 -6.2313 23.6652 0
872 0.9748 -6.2657 23.6652 0
873 3.1147 -5.5234 23.6652 0
874 4.7824 -4.1639 23.6652 0
875 5.9600 -2.1650 23.6652 0
876 4.2530 0.1066 24.1278 0
877 3.6674 2.1564 24.1278 0
878 2.2171 3.6310 24.1278 0
879 0.0286 4.2543 24.1278 0
880 -2.0252 3.7414 24.1278 0
881 -3.6846 2.1269 24.1278 0
882 -4.2543 0.0179 24.1278 0
883 -3.6174 -2.2393 24.1278 0
884 -2.0560 -3.7246 24.1278 0
885 -0.0038 -4.2544 24.1278 0
886 2.2162 -3.6316 24.1278 0
887 3.6359 -2.2090 24.1278 0
888 2.1353 -0.0158 24.4068 0
889 0.6014 2.0489 24.4068 0
890 -1.7620 1.2062 24.4068 0
891 -1.7093 -1.2797 24.4068 0
892 0.6759 -2.0255 24.4068 0
893 0.0000 0.0000 -24.5000 0
894 24.3998 -0.5817 -2.1353 0
895 24.3362 1.8544 -2.1353 0
896 24.1353 3.6299 -2.1353 0
897 23.6438 6.0550 -2.1353 0
898 23.1261 7.8022 -2.1353 0
899 22.0170 10.5329 -2.1353 0
900 21.0817 12.2984 -2.1353 0
901 20.6872 12.9511 -2.1353 0
902 18.9072 15.4340 -2.1353 0
903 18.0235 16.4573 -2.1353 0
904 16.4159 18.0613 -2.1353 0
905 14.6999 19.4834 -2.1353 0
906 12.5209 20.9504 -2.1353 0
907 11.4151 21.5728 -2.1353 0
908 8.7961 22.7666 -2.1353 0
909 7.8205 23.1199 -2.1353 0
910 5.2836 23.8280 -2.1353 0
911 3.3221 24.1796 -2.1353 0
912 1.4748 24.3622 -2.1353 0
913 -0.8037 24.3935 -2.1353 0
914 -2.7958 24.2461 -2.1353 0
915 -4.1054 24.0590 -2.1353 0
916 -6.0325 23.6495 -2.1353 0
917 -9.1946 22.6086 -2.1353 0
918 -9.9502 22.2864 -2.1353 0
919 -11.6005 21.4737 -2.1353 0
920 -14.0034 19.9899 -2.1353 0
921 -15.9880 18.4411 -2.1353 0
922 -17.2542 17.2622 -2.1353 0
923 -18.1737 16.2913 -2.1353 0
924 -19.6310 14.5022 -2.1353 0
925 -20.8466 12.6930 -2.1353 0
926 -22.1685 10.2102 -2.1353 0
927 -22.5011 9.4547 -2.1353 0
928 -23.5115 6.5499 -2.1353 0
929 -23.9170 4.8651 -2.1353 0
930 -24.1907 3.2403 -2.1353 0
931 -24.3620 1.4781 -2.1353 0
932 -24.3896 -0.9161 -2.1353 0
933 -24.2176 -3.0326 -2.1353 0
934 -23.9837 -4.5249 -2.1353 0
935 -23.3265 -7.1808 -2.1353 0
936 -22.8386 -8.6074 -2.1353 0
937 -21.9367 -10.6992 -2.1353 0
938 -20.8129 -12.7481 -2.1353 0
939 -19.9588 -14.0477 -2.1353 0
940 -18.6766 -15.7122 -2.1353 0
941 -16.9525 -17.5586 -2.1353 0
942 -15.8231 -18.5828 -2.1353 0
943 -13.5331 -20.3112 -2.1353 0
944 -11.5807 -21.4844 -2.1353 0
945 -10.0831 -22.2266 -2.1353 0
946 -8.7233 -22.7946 -2.1353 0
947 -6.4437 -23.5408 -2.1353 0
948 -5.1413 -23.8591 -2.1353 0
949 -1.9535 -24.3285 -2.1353 0
950 0.0497 -24.4067 -2.1353 0
951 2.0007 -24.3246 -2.1353 0
952 3.2153 -24.1940 -2.1353 0
953 5.7089 -23.7297 -2.1353 0
954 6.8681 -23.4205 -2.1353 0
955 9.3561 -22.5423 -2.1353 0
956 11.0616 -21.7562 -2.1353 0
957 12.6528 -20.8710 -2.1353 0
958 14.3755 -19.7240 -2.1353 0
959 16.2465 -18.2138 -2.1353 0
960 17.3761 -17.1395 -2.1353 0
961 19.2175 -15.0459 -2.1353 0
962 20.3051 -13.5423 -2.1353 0
963 21.5258 -11.5035 -2.1353 0
964 22.4152 -9.6566 -2.1353 0
965 23.1157 -7.8330 -2.1353 0
966 23.4592 -6.7346 -2.1353 0
967 23.9506 -4.6970 -2.1353 0
968 24.2974 -2.3078 -2.1353 0
969 24.1277 0.0452 -4.2544 0
970 24.0207 2.2712 -4.2544 0
971 23.8032 3.9443 -4.2544 0
972 23.2269 6.5316 -4.2544 0
973 22.6411 8.3384 -4.2544 0
974 21.6947 10.5590 -4.2544 0
975 21.0415 11.8070 -4.2544 0
976 20.1322 13.2982 -4.2544 0
977 19.1294 14.7043 -4.2544 0
978 17.3065 16.8118 -4.2544 0
979 15.6321 18.3790 -4.2544 0
980 14.4371 19.3319 -4.2544 0
981 13.1562 20.2253 -4.2544 0
982 11.1664 21.3883 -4.2544 0
983 9.4644 22.1940 -4.2544 0
984 7.3709 22.9743 -4.2544 0
985 5.1689 23.5676 -4.2544 0
986 3.0253 23.9374 -4.2544 0
987 1.0862 24.1033 -4.2544 0
988 -1.5724 24.0765 -4.2544 0
989 -3.0909 23.9290 -4.2544 0
990 -5.7158 23.4410 -4.2544 0
991 -7.2576 23.0104 -4.2544 0
992 -9.6140 22.1296 -4.2544 0
993 -10.5223 21.7125 -4.2544 0
994 -12.8691 20.4092 -4.2544 0
995 -14.0979 19.5806 -4.2544 0
996 -16.1285 17.9450 -4.2544 0
997 -17.6155 16.4877 -4.2544 0
998 -18.3688 15.6441 -4.2544 0
999 -19.7870 13.8067 -4.2544 0
1000 -20.8641 12.1178 -4.2544 0
1001 -22.0859 9.7140 -4.2544 0
1002 -22.9124 7.5611 -4.2544 0
1003 -23.2909 6.2996 -4.2544 0
1004 -23.8467 3.6725 -4.2544 0
1005 -24.0613 1.7905 -4.2544 0
1006 -24.1170 0.7216 -4.2544 0
1007 -24.0277 -2.1951 -4.2544 0
1008 -23.8082 -3.9142 -4.2544 0
1009 -23.1885 -6.6667 -4.2544 0
1010 -22.9823 -7.3462 -4.2544 0
1011 -22.0085 -9.8882 -4.2544 0
1012 -21.1177 -11.6702 -4.2544 0
1013 -20.0221 -13.4635 -4.2544 0
1014 -18.5215 -15.4630 -4.2544 0
1015 -17.5979 -16.5065 -4.2544 0
1016 -15.6255 -18.3846 -4.2544 0
1017 -14.3809 -19.3737 -4.2544 0
1018 -13.2237 -20.1813 -4.2544 0
1019 -11.2837 -21.3267 -4.2544 0
1020 -8.6943 -22.5069 -4.2544 0
1021 -7.1022 -23.0588 -4.2544 0
1022 -5.5788 -23.4740 -4.2544 0
1023 -3.2951 -23.9017 -4.2544 0
1024 -0.8670 -24.1122 -4.2544 0
1025 0.5733 -24.1210 -4.2544 0
1026 3.4103 -23.8856 -4.2544 0
1027 4.7148 -23.6626 -4.2544 0
1028 7.6468 -22.8840 -4.2544 0
1029 8.6818 -22.5117 -4.2544 0
1030 11.2079 -21.3667 -4.2544 0
1031 12.2603 -20.7807 -4.2544 0
1032 14.0960 -19.5819 -4.2544 0
1033 15.4867 -18.5017 -4.2544 0
1034 17.4962 -16.6143 -4.2544 0
1035 18.9397 -14.9479 -4.2544 0
1036 20.0282 -13.4544 -4.2544 0
1037 21.0107 -11.8617 -4.2544 0
1038 22.0721 -9.7453 -4.2544 0
1039 22.8206 -7.8340 -4.2544 0
1040 23.4139 -5.8259 -4.2544 0
1041 23.8135 -3.8817 -4.2544 0
1042 24.0873 -1.3965 -4.2544 0
1043 23.6615 -0.4152 -6.3411 0
1044 23.5500 2.3316 -6.3411 0
1045 23.3769 3.6825 -6.3411 0
1046 23.0132 5.5165 -6.3411 0
1047 22.2243 8.1315 -6.3411 0
1048 21.5369 9.8083 -6.3411 0
1049 20.6080 11.6341 -6.3411 0
1050 19.3664 13.6008 -6.3411 0
1051 18.0258 15.3333 -6.3411 0
1052 17.0616 16.3994 -6.3411 0
1053 15.2513 18.0953 -6.3411 0
1054 13.9244 19.1351 -6.3411 0
1055 11.7039 20.5684 -6.3411 0
1056 9.9041 21.4930 -6.3411 0
1057 8.7885 21.9728 -6.3411 0
1058 6.3782 22.7895 -6.3411 0
1059 4.4392 23.2451 -6.3411 0
1060 2.4834 23.5345 -6.3411 0
1061 -0.0185 23.6652 -6.3411 0
1062 -1.1916 23.6352 -6.3411 0
1063 -3.2943 23.4348 -6.3411 0
1064 -5.0198 23.1267 -6.3411 0
1065 -8.0987 22.2363 -6.3411 0
1066 -9.5981 21.6314 -6.3411 0
1067 -11.2140 20.8395 -6.3411 0
1068 -13.1541 19.6726 -6.3411 0
1069 -14.6910 18.5530 -6.3411 0
1070 -16.3378 17.1207 -6.3411 0
1071 -17.6511 15.7632 -6.3411 0
1072 -19.0913 13.9844 -6.3411 0
1073 -20.0742 12.5326 -6.3411 0
1074 -21.3744 10.1576 -6.3411 0
1075 -21.7575 9.3088 -6.3411 0
1076 -22.4262 7.5568 -6.3411 0
1077 -22.9942 5.5955 -6.3411 0
1078 -23.3800 3.6631 -6.3411 0
1079 -23.6370 1.1541 -6.3411 0
1080 -23.6463 -0.9445 -6.3411 0
1081 -23.4921 -2.8569 -6.3411 0
1082 -23.0363 -5.4196 -6.3411 0
1083 -22.5447 -7.1958 -6.3411 0
1084 -21.7627 -9.2966 -6.3411 0
1085 -20.7740 -11.3350 -6.3411 0
1086 -19.6912 -13.1262 -6.3411 0
1087 -19.1643 -13.8842 -6.3411 0
1088 -17.9493 -15.4228 -6.3411 0
1089 -15.9797 -17.4554 -6.3411 0
1090 -15.0918 -18.2285 -6.3411 0
1091 -12.9582 -19.8022 -6.3411 0
1092 -11.2017 -20.8462 -6.3411 0
1093 -8.9330 -21.9144 -6.3411 0
1094 -7.5269 -22.4363 -6.3411 0
1095 -5.6969 -22.9692 -6.3411 0
1096 -3.3091 -23.4327 -6.3411 0
1097 -1.1830 -23.6356 -6.3411 0
1098 0.5378 -23.6591 -6.3411 0
1099 2.3251 -23.5507 -6.3411 0
1100 4.0635 -23.3137 -6.3411 0
1101 6.6518 -22.7111 -6.3411 0
1102 8.1473 -22.2185 -6.3411 0
1103 9.7450 -21.5656 -6.3411 0
1104 12.4362 -20.1341 -6.3411 0
1105 13.5281 -19.4173 -6.3411 0
1106 15.3649 -17.9989 -6.3411 0
1107 17.0992 -16.3603 -6.3411 0
1108 18.1450 -15.1921 -6.3411 0
1109 19.6874 -13.1320 -6.3411 0
1110 20.5044 -11.8157 -6.3411 0
1111 21.6152 -9.6346 -6.3411 0
1112 22.3730 -7.7129 -6.3411 0
1113 22.8595 -6.1225 -6.3411 0
1114 23.1883 -4.7271 -6.3411 0
1115 23.5556 -2.2747 -6.3411 0
1116 23.0222 -0.1050 -8.3795 0
1117 22.9584 1.7170 -8.3795 0
1118 22.7330 3.6391 -8.3795 0
1119 22.0946 6.4702 -8.3795 0
1120 21.6286 7.8891 -8.3795 0
1121 20.5692 10.3413 -8.3795 0
1122 19.9286 11.5275 -8.3795 0
1123 18.5253 13.6692 -8.3795 0
1124 17.5827 14.8622 -8.3795 0
1125 15.7895 16.7549 -8.3795 0
1126 14.3050 18.0388 -8.3795 0
1127 13.0893 18.9395 -8.3795 0
1128 11.5584 19.9107 -8.3795 0
1129 9.0258 21.1795 -8.3795 0
1130 6.9086 21.9614 -8.3795 0
1131 5.7796 22.2852 -8.3795 0
1132 3.3162 22.7824 -8.3795 0
1133 1.6119 22.9660 -8.3795 0
1134 -0.9718 23.0019 -8.3795 0
1135 -2.9120 22.8376 -8.3795 0
1136 -4.1004 22.6544 -8.3795 0
1137 -7.0107 21.9291 -8.3795 0
1138 -9.0847 21.1543 -8.3795 0
1139 -10.3335 20.5731 -8.3795 0
1140 -12.5447 19.3045 -8.3795 0
1141 -13.8760 18.3709 -8.3795 0
1142 -14.9942 17.4702 -8.3795 0
1143 -16.5232 16.0317 -8.3795 0
1144 -18.0552 14.2844 -8.3795 0
1145 -19.5031 12.2337 -8.3795 0
1146 -20.5562 10.3670 -8.3795 0
1147 -21.3737 8.5556 -8.3795 0
1148 -21.8489 7.2568 -8.3795 0
1149 -22.4717 5.0059 -8.3795 0
1150 -22.7377 3.6101 -8.3795 0
1151 -22.9698 1.5563 -8.3795 0
1152 -23.0167 -0.5140 -8.3795 0
1153 -22.7858 -3.2927 -8.3795 0
1154 -22.4628 -5.0455 -8.3795 0
1155 -22.0543 -6.6061 -8.3795 0
1156 -21.2236 -8.9214 -8.3795 0
1157 -20.5730 -10.3338 -8.3795 0
1158 -19.6465 -12.0021 -8.3795 0
1159 -17.8311 -14.5631 -8.3795 0
1160 -16.7530 -15.7915 -8.3795 0
1161 -14.9052 -17.5462 -8.3795 0
1162 -13.5587 -18.6063 -8.3795 0
1163 -11.9964 -19.6500 -8.3795 0
1164 -9.9225 -20.7745 -8.3795 0
1165 -7.9649 -21.6008 -8.3795 0
1166 -5.8773 -22.2596 -8.3795 0
1167 -5.2311 -22.4203 -8.3795 0
1168 -2.0370 -22.9322 -8.3795 0
1169 -0.3531 -23.0198 -8.3795 0
1170 2.2045 -22.9167 -8.3795 0
1171 3.5891 -22.7410 -8.3795 0
1172 5.5201 -22.3509 -8.3795 0
1173 7.8948 -21.6265 -8.3795 0
1174 9.0491 -21.1695 -8.3795 0
1175 11.2136 -20.1069 -8.3795 0
1176 13.4051 -18.7173 -8.3795 0
1177 14.6607 -17.7510 -8.3795 0
1178 16.4372 -16.1200 -8.3795 0
1179 17.7034 -14.7181 -8.3795 0
1180 18.8136 -13.2696 -8.3795 0
1181 19.6723 -11.9596 -8.3795 0
1182 20.9031 -9.6486 -8.3795 0
1183 21.3879 -8.5200 -8.3795 0
1184 22.2611 -5.8718 -8.3795 0
1185 22.7011 -3.8335 -8.3795 0
1186 22.9584 -1.7170 -8.3795 0
1187 22.1983 0.5263 -10.3541 0
1188 22.0404 2.6947 -10.3541 0
1189 21.7570 4.4357 -10.3541 0
1190 21.3266 6.1820 -10.3541 0
1191 20.4898 8.5564 -10.3541 0
1192 19.8284 9.9939 -10.3541 0
1193 19.2130 11.1311 -10.3541 0
1194 18.0226 12.9702 -10.3541 0
1195 16.0763 15.3165 -10.3541 0
1196 14.9747 16.3951 -10.3541 0
1197 13.0077 17.9956 -10.3541 0
1198 12.0201 18.6697 -10.3541 0
1199 9.8343 19.9080 -10.3541 0
1200 7.8578 20.7677 -10.3541 0
1201 6.6803 21.1758 -10.3541 0
1202 3.9281 21.8543 -10.3541 0
1203 2.2332 22.0920 -10.3541 0
1204 0.6067 22.1963 -10.3541 0
1205 -2.0348 22.1111 -10.3541 0
1206 -3.6723 21.8988 -10.3541 0
1207 -5.5867 21.4902 -10.3541 0
1208 -7.6501 20.8451 -10.3541 0
1209 -9.4690 20.0843 -10.3541 0
1210 -11.3311 19.0958 -10.3541 0
1211 -12.8846 18.0840 -10.3541 0
1212 -15.0932 16.2861 -10.3541 0
1213 -16.2100 15.1749 -10.3541 0
1214 -17.7509 13.3397 -10.3541 0
1215 -19.0157 11.4649 -10.3541 0
1216 -19.8762 9.8985 -10.3541 0
1217 -20.7225 7.9762 -10.3541 0
1218 -21.3366 6.1475 -10.3541 0
1219 -21.7277 4.5769 -10.3541 0
1220 -22.1086 2.0617 -10.3541 0
1221 -22.1995 -0.4754 -10.3541 0
1222 -22.0577 -2.5497 -10.3541 0
1223 -21.8812 -3.7756 -10.3541 0
1224 -21.4610 -5.6979 -10.3541 0
1225 -20.6733 -8.1028 -10.3541 0
1226 -19.7917 -10.0662 -10.3541 0
1227 -18.9373 -11.5940 -10.3541 0
1228 -17.9554 -13.0631 -10.3541 0
1229 -15.9969 -15.3994 -10.3541 0
1230 -15.3702 -16.0249 -10.3541 0
1231 -13.8012 -17.3945 -10.3541 0
1232 -12.0963 -18.6204 -10.3541 0
1233 -10.2975 -19.6724 -10.3541 0
1234 -7.8691 -20.7634 -10.3541 0
1235 -5.9810 -21.3839 -10.3541 0
1236 -4.6715 -21.7076 -10.3541 0
1237 -1.4698 -22.1558 -10.3541 0
1238 0.3080 -22.2024 -10.3541 0
1239 2.3675 -22.0780 -10.3541 0
1240 3.5007 -21.9269 -10.3541 0
1241 6.5420 -21.2189 -10.3541 0
1242 8.5639 -20.4866 -10.3541 0
1243 10.4771 -19.5773 -10.3541 0
1244 12.0974 -18.6197 -10.3541 0
1245 13.6861 -17.4852 -10.3541 0
1246 14.9724 -16.3972 -10.3541 0
1247 16.1137 -15.2771 -10.3541 0
1248 17.6370 -13.4900 -10.3541 0
1249 18.6145 -12.1055 -10.3541 0
1250 19.5870 -10.4589 -10.3541 0
1251 20.9114 -7.4669 -10.3541 0
1252 21.2821 -6.3335 -10.3541 0
1253 21.7742 -4.3505 -10.3541 0
1254 22.0879 -2.2727 -10.3541 0
1255 21.2176 -0.0423 -12.2500 0
1256 21.0993 2.2374 -12.2500 0
1257 20.9310 3.4758 -12.2500 0
1258 20.2015 6.4874 -12.2500 0
1259 19.6225 8.0713 -12.2500 0
1260 18.5714 10.2611 -12.2500 0
1261 17.8543 11.4634 -12.2500 0
1262 16.5862 13.2320 -12.2500 0
1263 15.5781 14.4053 -12.2500 0
1264 13.9967 15.9462 -12.2500 0
1265 11.8801 17.5798 -12.2500 0
1266 10.5010 18.4368 -12.2500 0
1267 8.0014 19.6511 -12.2500 0
1268 7.0217 20.0221 -12.2500 0
1269 3.9633 20.8442 -12.2500 0
1270 2.5065 21.0691 -12.2500 0
1271 0.2467 21.2162 -12.2500 0
1272 -2.1766 21.1057 -12.2500 0
1273 -3.3030 20.9590 -12.2500 0
1274 -5.4679 20.5010 -12.2500 0
1275 -7.4816 19.8548 -12.2500 0
1276 -9.7065 18.8672 -12.2500 0
1277 -11.5407 17.8045 -12.2500 0
1278 -12.4704 17.1662 -12.2500 0
1279 -14.1438 15.8159 -12.2500 0
1280 -15.7614 14.2045 -12.2500 0
1281 -16.8243 12.9280 -12.2500 0
1282 -18.3032 10.7322 -12.2500 0
1283 -19.1518 9.1321 -12.2500 0
1284 -19.8726 7.4343 -12.2500 0
1285 -20.5083 5.4402 -12.2500 0
1286 -21.0639 2.5494 -12.2500 0
1287 -21.2025 0.7998 -12.2500 0
1288 -21.1948 -0.9846 -12.2500 0
1289 -20.9119 -3.5890 -12.2500 0
1290 -20.7170 -4.5820 -12.2500 0
1291 -19.9078 -7.3393 -12.2500 0
1292 -19.1117 -9.2157 -12.2500 0
1293 -18.2485 -10.8250 -12.2500 0
1294 -17.4009 -12.1406 -12.2500 0
1295 -15.7985 -14.1632 -12.2500 0
1296 -14.6368 -15.3607 -12.2500 0
1297 -13.2531 -16.5693 -12.2500 0
1298 -11.5075 -17.8260 -12.2500 0
1299 -8.9456 -19.2396 -12.2500 0
1300 -8.0365 -19.6368 -12.2500 0
1301 -5.8928 -20.3829 -12.2500 0
1302 -4.1363 -20.8105 -12.2500 0
1303 -1.6116 -21.1563 -12.2500 0
1304 -0.1130 -21.2173 -12.2500 0
1305 3.0637 -20.9953 -12.2500 0
1306 4.1968 -20.7984 -12.2500 0
1307 6.0574 -20.3346 -12.2500 0
1308 8.2459 -19.5497 -12.2500 0
1309 10.2620 -18.5709 -12.2500 0
1310 11.6280 -17.7476 -12.2500 0
1311 14.1626 -15.7990 -12.2500 0
1312 15.0317 -14.9745 -12.2500 0
1313 16.3784 -13.4883 -12.2500 0
1314 17.4331 -12.0944 -12.2500 0
1315 18.6653 -10.0893 -12.2500 0
1316 19.4239 -8.5382 -12.2500 0
1317 20.3337 -6.0604 -12.2500 0
1318 20.8843 -3.7461 -12.2500 0
1319 21.1342 -1.8800 -12.2500 0
1320 20.0631 -0.4942 -14.0526 0
1321 20.0110 1.5273 -14.0526 0
1322 19.5884 4.3666 -14.0526 0
1323 18.9970 6.4720 -14.0526 0
1324 18.4267 7.9518 -14.0526 0
1325 17.7712 9.3252 -14.0526 0
1326 16.2447 11.7850 -14.0526 0
1327 15.3541 12.9239 -14.0526 0
1328 14.0059 14.3739 -14.0526 0
1329 12.0484 16.0502 -14.0526 0
1330 11.1120 16.7122 -14.0526 0
1331 9.3236 17.7720 -14.0526 0
1332 6.7800 18.8893 -14.0526 0
1333 4.9096 19.4594 -14.0526 0
1334 3.0079 19.8425 -14.0526 0
1335 0.7399 20.0556 -14.0526 0
1336 -1.2658 20.0293 -14.0526 0
1337 -3.3738 19.7836 -14.0526 0
1338 -4.7826 19.4910 -14.0526 0
1339 -7.1873 18.7381 -14.0526 0
1340 -8.8996 17.9881 -14.0526 0
1341 -10.5099 17.0973 -14.0526 0
1342 -11.8625 16.1881 -14.0526 0
1343 -14.0698 14.3114 -14.0526 0
1344 -15.0995 13.2204 -14.0526 0
1345 -16.5460 11.3580 -14.0526 0
1346 -17.6867 9.4844 -14.0526 0
1347 -18.2498 8.3498 -14.0526 0
1348 -19.0098 6.4343 -14.0526 0
1349 -19.6703 3.9814 -14.0526 0
1350 -19.9644 2.0481 -14.0526 0
1351 -20.0637 -0.4705 -14.0526 0
1352 -19.9266 -2.3885 -14.0526 0
1353 -19.5996 -4.3161 -14.0526 0
1354 -19.3037 -5.4900 -14.0526 0
1355 -18.6397 -7.4389 -14.0526 0
1356 -17.7827 -9.3031 -14.0526 0
1357 -16.2641 -11.7582 -14.0526 0
1358 -14.8746 -13.4729 -14.0526 0
1359 -13.6657 -14.6977 -14.0526 0
1360 -12.6321 -15.5950 -14.0526 0
1361 -10.3872 -17.1721 -14.0526 0
1362 -9.2575 -17.8065 -14.0526 0
1363 -7.4005 -18.6549 -14.0526 0
1364 -4.8661 -19.4704 -14.0526 0
1365 -3.2428 -19.8055 -14.0526 0
1366 -0.8313 -20.0520 -14.0526 0
1367 1.3162 -20.0260 -14.0526 0
1368 3.1381 -19.8224 -14.0526 0
1369 5.3099 -19.3540 -14.0526 0
1370 6.6696 -18.9286 -14.0526 0
1371 9.0917 -17.8918 -14.0526 0
1372 11.0929 -16.7249 -14.0526 0
1373 12.6312 -15.5958 -14.0526 0
1374 13.4614 -14.8850 -14.0526 0
1375 15.1224 -13.1942 -14.0526 0
1376 16.3815 -11.5939 -14.0526 0
1377 17.6546 -9.5441 -14.0526 0
1378 18.4890 -7.8058 -14.0526 0
1379 19.2503 -5.6744 -14.0526 0
1380 19.6257 -4.1960 -14.0526 0
1381 19.9273 -2.3825 -14.0526 0
1382 18.7621 -0.4731 -15.7483 0
1383 18.6174 2.3738 -15.7483 0
1384 18.3846 3.7748 -15.7483 0
1385 17.7923 5.9729 -15.7483 0
1386 16.9477 8.0633 -15.7483 0
1387 16.1492 9.5627 -15.7483 0
1388 14.7103 11.6554 -15.7483 0
1389 13.4650 13.0742 -15.7483 0
1390 12.2363 14.2308 -15.7483 0
1391 9.9935 15.8862 -15.7483 0
1392 8.8798 16.5345 -15.7483 0
1393 6.8010 17.4925 -15.7483 0
1394 4.8981 18.1177 -15.7483 0
1395 2.5429 18.5950 -15.7483 0
1396 0.9844 18.7423 -15.7483 0
1397 -1.4418 18.7126 -15.7483 0
1398 -3.1531 18.5013 -15.7483 0
1399 -5.1774 18.0398 -15.7483 0
1400 -7.8361 17.0539 -15.7483 0
1401 -9.1767 16.3716 -15.7483 0
1402 -11.2104 15.0522 -15.7483 0
1403 -13.0973 13.4426 -15.7483 0
1404 -14.1023 12.3842 -15.7483 0
1405 -15.5491 10.5102 -15.7483 0
1406 -16.6446 8.6717 -15.7483 0
1407 -17.3594 7.1340 -15.7483 0
1408 -18.1076 4.9353 -15.7483 0
1409 -18.4333 3.5289 -15.7483 0
1410 -18.7604 0.5378 -15.7483 0
1411 -18.7559 -0.6765 -15.7483 0
1412 -18.5543 -2.8248 -15.7483 0
1413 -17.9642 -5.4341 -15.7483 0
1414 -17.3939 -7.0495 -15.7483 0
1415 -16.3573 -9.2022 -15.7483 0
1416 -15.4907 -10.5962 -15.7483 0
1417 -14.3225 -12.1288 -15.7483 0
1418 -13.0959 -13.4439 -15.7483 0
1419 -10.9547 -15.2393 -15.7483 0
1420 -9.4538 -16.2132 -15.7483 0
1421 -7.5896 -17.1650 -15.7483 0
1422 -5.4824 -17.9495 -15.7483 0
1423 -4.0917 -18.3166 -15.7483 0
1424 -1.7599 -18.6854 -15.7483 0
1425 0.8291 -18.7498 -15.7483 0
1426 2.8004 -18.5580 -15.7483 0
1427 4.1903 -18.2943 -15.7483 0
1428 6.1826 -17.7205 -15.7483 0
1429 8.0555 -16.9514 -15.7483 0
1430 9.7889 -16.0131 -15.7483 0
1431 11.8632 -14.5432 -15.7483 0
1432 13.5762 -12.9587 -15.7483 0
1433 14.9660 -11.3252 -15.7483 0
1434 16.0076 -9.7979 -15.7483 0
1435 16.7771 -8.4124 -15.7483 0
1436 17.7996 -5.9511 -15.7483 0
1437 18.2156 -4.5203 -15.7483 0
1438 18.6035 -2.4802 -15.7483 0
1439 17.3190 -0.4205 -17.3241 0
1440 17.2428 1.6761 -17.3241 0
1441 16.9177 3.7306 -17.3241 0
1442 16.3480 5.7330 -17.3241 0
1443 15.4989 7.7401 -17.3241 0
1444 14.4753 9.5180 -17.3241 0
1445 13.3145 11.0838 -17.3241 0
1446 11.8846 12.6048 -17.3241 0
1447 9.7623 14.3116 -17.3241 0
1448 8.1769 15.2730 -17.3241 0
1449 6.4567 16.0759 -17.3241 0
1450 4.8845 16.6213 -17.3241 0
1451 2.8558 17.0871 -17.3241 0
1452 0.9557 17.2977 -17.3241 0
1453 -1.9696 17.2118 -17.3241 0
1454 -3.7800 16.9067 -17.3241 0
1455 -5.6057 16.3921 -17.3241 0
1456 -7.2736 15.7232 -17.3241 0
1457 -8.9505 14.8329 -17.3241 0
1458 -11.0151 13.3714 -17.3241 0
1459 -12.7808 11.6952 -17.3241 0
1460 -13.5579 10.7846 -17.3241 0
1461 -14.7862 9.0274 -17.3241 0
1462 -15.8102 7.0826 -17.3241 0
1463 -16.4330 5.4847 -17.3241 0
1464 -17.0840 2.8745 -17.3241 0
1465 -17.2873 1.1284 -17.3241 0
1466 -17.2564 -1.5307 -17.3241 0
1467 -17.0688 -2.9636 -17.3241 0
1468 -16.5314 -5.1804 -17.3241 0
1469 -15.9966 -6.6509 -17.3241 0
1470 -14.9796 -8.7026 -17.3241 0
1471 -13.9827 -10.2279 -17.3241 0
1472 -12.2403 -12.2597 -17.3241 0
1473 -10.6111 -13.6942 -17.3241 0
1474 -9.3798 -14.5652 -17.3241 0
1475 -7.2746 -15.7228 -17.3241 0
1476 -5.7523 -16.3413 -17.3241 0
1477 -3.5370 -16.9592 -17.3241 0
1478 -1.1911 -17.2831 -17.3241 0
1479 0.6155 -17.3132 -17.3241 0
1480 2.3871 -17.1589 -17.3241 0
1481 4.3632 -16.7657 -17.3241 0
1482 6.4648 -16.0727 -17.3241 0
1483 8.2929 -15.2103 -17.3241 0
1484 9.9797 -14.1609 -17.3241 0
1485 11.7385 -12.7410 -17.3241 0
1486 13.2877 -11.1159 -17.3241 0
1487 14.3243 -9.7437 -17.3241 0
1488 15.3786 -7.9765 -17.3241 0
1489 16.0990 -6.3991 -17.3241 0
1490 16.7155 -4.5517 -17.3241 0
1491 17.1751 -2.2671 -17.3241 0
1492 15.7473 -0.1741 -18.7681 0
1493 15.5938 2.2008 -18.7681 0
1494 15.0930 4.4954 -18.7681 0
1495 14.3854 6.4085 -18.7681 0
1496 13.6585 7.8393 -18.7681 0
1497 12.6431 9.3893 -18.7681 0
1498 10.9563 11.3123 -18.7681 0
1499 9.3895 12.6430 -18.7681 0
1500 7.6745 13.7518 -18.7681 0
1501 5.8112 14.6369 -18.7681 0
1502 4.4379 15.1101 -18.7681 0
1503 1.8837 15.6352 -18.7681 0
1504 0.0351 15.7483 -18.7681 0
1505 -1.7830 15.6470 -18.7681 0
1506 -3.7048 15.3063 -18.7681 0
1507 -6.3106 14.4286 -18.7681 0
1508 -7.6041 13.7908 -18.7681 0
1509 -9.3303 12.6868 -18.7681 0
1510 -11.2471 11.0232 -18.7681 0
1511 -12.7194 9.2857 -18.7681 0
1512 -13.6463 7.8605 -18.7681 0
1513 -14.6224 5.8475 -18.7681 0
1514 -15.1228 4.3943 -18.7681 0
1515 -15.6641 1.6259 -18.7681 0
1516 -15.7482 -0.0390 -18.7681 0
1517 -15.5903 -2.2254 -18.7681 0
1518 -15.3201 -3.6473 -18.7681 0
1519 -14.4341 -6.2981 -18.7681 0
1520 -13.5183 -8.0787 -18.7681 0
1521 -12.7112 -9.2970 -18.7681 0
1522 -11.1188 -11.1526 -18.7681 0
1523 -9.7182 -12.3921 -18.7681 0
1524 -7.8357 -13.6605 -18.7681 0
1525 -6.1156 -14.5123 -18.7681 0
1526 -4.1541 -15.1905 -18.7681 0
1527 -2.3571 -15.5709 -18.7681 0
1528 -0.2334 -15.7466 -18.7681 0
1529 1.6012 -15.6667 -18.7681 0
1530 4.4650 -15.1021 -18.7681 0
1531 6.1618 -14.4928 -18.7681 0
1532 8.2288 -13.4274 -18.7681 0
1533 9.3303 -12.6868 -18.7681 0
1534 11.4162 -10.8481 -18.7681 0
1535 12.6631 -9.3624 -18.7681 0
1536 13.6752 -7.8101 -18.7681 0
1537 14.5275 -6.0794 -18.7681 0
1538 15.1502 -4.2989 -18.7681 0
1539 15.6431 -1.8170 -18.7681 0
1540 14.0507 -0.2295 -20.0692 0
1541 13.9518 1.6807 -20.0692 0
1542 13.3899 4.2646 -20.0692 0
1543 12.6618 6.0956 -20.0692 0
1544 11.6184 7.9050 -20.0692 0
1545 10.3854 9.4667 -20.0692 0
1546 9.0416 10.7576 -20.0692 0
1547 7.3993 11.9468 -20.0692 0
1548 5.2489 13.0355 -20.0692 0
1549 3.7036 13.5558 -20.0692 0
1550 1.2722 13.9949 -20.0692 0
1551 -0.7575 14.0322 -20.0692 0
1552 -2.8449 13.7616 -20.0692 0
1553 -4.5418 13.2984 -20.0692 0
1554 -6.5273 12.4447 -20.0692 0
1555 -8.4838 11.2027 -20.0692 0
1556 -9.7194 10.1494 -20.0692 0
1557 -10.8912 8.8802 -20.0692 0
1558 -12.4034 6.6054 -20.0692 0
1559 -13.1646 4.9162 -20.0692 0
1560 -13.6892 3.1750 -20.0692 0
1561 -14.0395 0.6060 -20.0692 0
1562 -14.0302 -0.7929 -20.0692 0
1563 -13.6878 -3.1812 -20.0692 0
1564 -13.0934 -5.1029 -20.0692 0
1565 -12.3010 -6.7943 -20.0692 0
1566 -11.3050 -8.3470 -20.0692 0
1567 -10.0387 -9.8336 -20.0692 0
1568 -8.2308 -11.3899 -20.0692 0
1569 -6.6620 -12.3731 -20.0692 0
1570 -4.3561 -13.3604 -20.0692 0
1571 -2.6602 -13.7985 -20.0692 0
1572 -0.2244 -14.0508 -20.0692 0
1573 1.7338 -13.9453 -20.0692 0
1574 3.6125 -13.5804 -20.0692 0
1575 5.2434 -13.0377 -20.0692 0
1576 7.6481 -11.7891 -20.0692 0
1577 8.8356 -10.9274 -20.0692 0
1578 10.7023 -9.1070 -20.0692 0
1579 11.5893 -7.9476 -20.0692 0
1580 12.6782 -6.0614 -20.0692 0
1581 13.3521 -4.3814 -20.0692 0
1582 13.9196 -1.9287 -20.0692 0
1583 12.2477 -0.2377 -21.2176 0
1584 12.1264 1.7357 -21.2176 0
1585 11.4938 4.2372 -21.2176 0
1586 10.7493 5.8749 -21.2176 0
1587 9.4554 7.7883 -21.2176 0
1588 8.1580 9.1384 -21.2176 0
1589 6.3419 10.4806 -21.2176 0
1590 4.8959 11.2291 -21.2176 0
1591 2.2813 12.0357 -21.2176 0
1592 0.2963 12.2464 -21.2176 0
1593 -1.7373 12.1262 -21.2176 0
1594 -3.8093 11.6427 -21.2176 0
1595 -5.4373 10.9772 -21.2176 0
1596 -7.3543 9.7968 -21.2176 0
1597 -8.8828 8.4356 -21.2176 0
1598 -10.1618 6.8411 -21.2176 0
1599 -11.0925 5.1979 -21.2176 0
1600 -11.8062 3.2674 -21.2176 0
1601 -12.2028 1.0747 -21.2176 0
1602 -12.2214 -0.8368 -21.2176 0
1603 -11.7956 -3.3055 -21.2176 0
1604 -11.0087 -5.3733 -21.2176 0
1605 -10.3410 -6.5671 -21.2176 0
1606 -8.8256 -8.4954 -21.2176 0
1607 -7.5291 -9.6631 -21.2176 0
1608 -5.3133 -11.0377 -21.2176 0
1609 -3.2374 -11.8145 -21.2176 0
1610 -1.8751 -12.1056 -21.2176 0
1611 0.8465 -12.2207 -21.2176 0
1612 2.2292 -12.0455 -21.2176 0
1613 4.6942 -11.3149 -21.2176 0
1614 6.6016 -10.3190 -21.2176 0
1615 8.1123 -9.1789 -21.2176 0
1616 9.7085 -7.4704 -21.2176 0
1617 10.8361 -5.7132 -21.2176 0
1618 11.5811 -3.9925 -21.2176 0
1619 12.0253 -2.3354 -21.2176 0
1620 10.3526 -0.1782 -22.2045 0
1621 10.1807 1.8873 -22.2045 0
1622 9.6254 3.8158 -22.2045 0
1623 8.6377 5.7096 -22.2045 0
1624 7.0802 7.5551 -22.2045 0
1625 5.2394 8.9307 -22.2045 0
1626 3.6821 9.6773 -22.2045 0
1627 1.6237 10.2260 -22.2045 0
1628 -0.8296 10.3209 -22.2045 0
1629 -2.8667 9.9494 -22.2045 0
1630 -4.6598 9.2463 -22.2045 0
1631 -6.5788 7.9955 -22.2045 0
1632 -7.9650 6.6157 -22.2045 0
1633 -9.0026 5.1148 -22.2045 0
1634 -9.9095 3.0017 -22.2045 0
1635 -10.2834 1.2081 -22.2045 0
1636 -10.3133 -0.9190 -22.2045 0
1637 -9.8446 -3.2080 -22.2045 0
1638 -9.0446 -5.0403 -22.2045 0
1639 -7.8925 -6.7019 -22.2045 0
1640 -6.2865 -8.2273 -22.2045 0
1641 -4.4173 -9.3646 -22.2045 0
1642 -2.5442 -10.0367 -22.2045 0
1643 -0.4918 -10.3425 -22.2045 0
1644 1.6201 -10.2266 -22.2045 0
1645 3.6030 -9.7070 -22.2045 0
1646 5.2515 -8.9236 -22.2045 0
1647 7.2335 -7.4084 -22.2045 0
1648 8.6734 -5.6552 -22.2045 0
1649 9.4784 -4.1675 -22.2045 0
1650 10.1979 -1.7919 -22.2045 0
1651 8.3791 -0.0782 -23.0225 0
1652 8.0651 2.2739 -23.0225 0
1653 7.3541 4.0166 -23.0225 0
1654 6.1385 5.7040 -23.0225 0
1655 4.6106 6.9970 -23.0225 0
1656 2.7700 7.9084 -23.0225 0
1657 0.6232 8.3563 -23.0225 0
1658 -1.6831 8.2087 -23.0225 0
1659 -3.6976 7.5196 -23.0225 0
1660 -5.4169 6.3932 -23.0225 0
1661 -6.6295 5.1250 -23.0225 0
1662 -7.8537 2.9216 -23.0225 0
1663 -8.3376 0.8366 -23.0225 0
1664 -8.2950 -1.1869 -23.0225 0
1665 -7.8737 -2.8671 -23.0225 0
1666 -6.8154 -4.8750 -23.0225 0
1667 -5.2607 -6.5223 -23.0225 0
1668 -3.4618 -7.6310 -23.0225 0
1669 -1.7078 -8.2036 -23.0225 0
1670 0.4088 -8.3695 -23.0225 0
1671 2.6730 -7.9417 -23.0225 0
1672 4.4803 -7.0812 -23.0225 0
1673 6.1513 -5.6901 -23.0225 0
1674 7.2774 -4.1539 -23.0225 0
1675 8.0738 -2.2427 -23.0225 0
1676 6.3397 0.1315 -23.6652 0
1677 5.9214 2.2685 -23.6652 0
1678 4.7443 4.2072 -23.6652 0
1679 3.3050 5.4117 -23.6652 0
1680 1.2257 6.2215 -23.6652 0
1681 -0.9433 6.2705 -23.6652 0
1682 -3.1670 5.4936 -23.6652 0
1683 -4.7780 4.1689 -23.6652 0
1684 -6.0108 2.0197 -23.6652 0
1685 -6.3390 0.1599 -23.6652 0
1686 -6.0184 -1.9970 -23.6652 0
1687 -4.8428 -4.0934 -23.6652 0
1688 -3.0759 -5.5451 -23.6652 0
1689 -1.1749 -6.2313 -23.6652 0
1690 0.9748 -6.2657 -23.6652 0
1691 3.1147 -5.5234 -23.6652 0
1692 4.7824 -4.1639 -23.6652 0
1693 5.9600 -2.1650 -23.6652 0
1694 4.2530 0.1066 -24.1278 0
1695 3.6674 2.1564 -24.1278 0
1696 2.2171 3.6310 -24.1278 0
1697 0.0286 4.2543 -24.1278 0
1698 -2.0252 3.7414 -24.1278 0
1699 -3.6846 2.1269 -24.1278 0
1700 -4.2543 0.0179 -24.1278 0
1701 -3.6174 -2.2393 -24.1278 0
1702 -2.0560 -3.7246 -24.1278 0
1703 -0.0038 -4.2544 -24.1278 0
1704 2.2162 -3.6316 -24.1278 0
1705 3.6359 -2.2090 -24.1278 0
1706 2.1353 -0.0158 -24.4068 0
1707 0.6014 2.0489 -24.4068 0
1708 -1.7620 1.2062 -24.4068 0
1709 -1.7093 -1.2797 -24.4068 0
1710 0.6759 -2.0255 -24.4068 0
3418
0 888 889
0 888 892
0 889 890
0 890 891
0 891 892
1 2 77
1 2 895
1 75 150
1 75 968
1 76 77
1 76 150
1 894 895
1 894 968
2 3 78
2 3 896
2 77 78
2 895 896
3 4 79
3 4 897
3 78 79
3 896 897
4 5 80
4 5 898
4 79 80
4 897 898
5 6 80
5 6 898
6 7 81
6 7 899
6 80 81
6 898 899
7 8 83
7 8 901
7 81 82
7 82 83
7 899 900
7 900 901
8 9 84
8 9 902
8 83 84
8 901 902
9 10 84
9 10 902
10 11 86
10 11 904
10 84 85
10 85 86
10 902 903
10 903 904
11 12 86
11 12 904
12 13 87
12 13 905
12 86 87
12 904 905
13 14 88
13 14 906
13 87 88
13 905 906
14 15 90
14 15 908
14 88 89
14 89 90
14 906 907
14 907 908
15 16 91
15 16 909
15 90 91
15 908 909
16 17 92
16 17 910
16 91 92
16 909 910
17 18 92
17 18 910
18 19 93
18 19 911
18 92 93
18 910 911
19 20 94
19 20 912
19 93 94
19 911 912
20 21 95
20 21 913
20 94 95
20 912 913
21 22 96
21 22 914
21 95 96
21 913 914
22 23 98
22 23 916
22 96 97
22 97 98
22 914 915
22 915 916
23 24 98
23 24 916
24 25 100
24 25 918
24 98 99
24 99 100
24 916 917
24 917 918
25 26 101
25 26 919
25 100 101
25 918 919
26 27 102
26 27 920
26 101 102
26 919 920
27 28 103
27 28 921
27 102 103
27 920 921
28 29 104
28 29 922
28 103 104
28 921 922
29 30 105
29 30 923
29 104 105
29 922 923
30 31 106
30 31 924
30 105 106
30 923 924
31 32 106
31 32 924
32 33 107
32 33 925
32 106 107
32 924 925
33 34 108
33 34 926
33 107 108
33 925 926
34 35 109
34 35 927
34 108 109
34 926 927
35 36 110
35 36 928
35 109 110
35 927 928
36 37 112
36 37 930
36 110 111
36 111 112
36 928 929
36 929 930
37 38 113
37 38 931
37 112 113
37 930 931
38 39 114
38 39 932
38 113 114
38 931 932
39 40 115
39 40 933
39 114 115
39 932 933
40 41 115
40 41 933
41 42 117
41 42 935
41 115 116
41 116 117
41 933 934
41 934 935
42 43 117
42 43 935
43 44 118
43 44 936
43 117 118
43 935 936
44 45 119
44 45 937
44 118 119
44 936 937
45 46 120
45 46 938
45 119 120
45 937 938
46 47 122
46 47 940
46 120 121
46 121 122
46 938 939
46 939 940
47 48 123
47 48 941
47 122 123
47 940 941
48 49 124
48 49 942
48 123 124
48 941 942
49 50 124
49 50 942
50 51 125
50 51 943
50 124 125
50 942 943
51 52 126
51 52 944
51 125 126
51 943 944
52 53 128
52 53 946
52 126 127
52 127 128
52 944 945
52 945 946
53 54 129
53 54 947
53 128 129
53 946 947
54 55 130
54 55 948
54 129 130
54 947 948
55 56 131
55 56 949
55 130 131
55 948 949
56 57 131
56 57 949
57 58 132
57 58 950
57 131 132
57 949 950
58 59 133
58 59 951
58 132 133
58 950 951
59 60 134
59 60 952
59 133 134
59 951 952
60 61 135
60 61 953
60 134 135
60 952 953
61 62 137
61 62 955
61 135 136
61 136 137
61 953 954
61 954 955
62 63 138
62 63 956
62 137 138
62 955 956
63 64 139
63 64 957
63 138 139
63 956 957
64 65 140
64 65 958
64 139 140
64 957 958
65 66 140
65 66 958
66 67 142
66 67 960
66 140 141
66 141 142
66 958 959
66 959 960
67 68 143
67 68 961
67 142 143
67 960 961
68 69 144
68 69 962
68 143 144
68 961 962
69 70 145
69 70 963
69 144 145
69 962 963
70 71 145
70 71 963
71 72 146
71 72 964
71 145 146
71 963 964
72 73 147
72 73 965
72 146 147
72 964 965
73 74 149
73 74 967
73 147 148
73 148 149
73 965 966
73 966 967
74 75 150
74 75 968
74 149 150
74 967 968
76 77 151
76 150 224
76 151 224
77 78 152
77 151 152
78 79 153
78 152 153
79 80 154
79 153 154
80 81 155
80 154 155
81 82 157
81 155 156
81 156 157
82 83 157
83 84 159
83 157 158
83 158 159
84 85 159
85 86 160
85 159 160
86 87 161
86 160 161
87 88 163
87 161 162
87 162 163
88 89 164
88 163 164
89 90 165
89 164 165
90 91 166
90 165 166
91 92 166
92 93 167
92 166 167
93 94 168
93 167 168
94 95 169
94 168 169
95 96 170
95 169 170
96 97 171
96 170 171
97 98 172
97 171 172
98 99 173
98 172 173
99 100 174
99 173 174
100 101 175
100 174 175
101 102 176
101 175 176
102 103 177
102 176 177
103 104 178
103 177 178
104 105 179
104 178 179
105 106 180
105 179 180
106 107 181
106 180 181
107 108 182
107 181 182
108 109 183
108 182 183
109 110 184
109 183 184
110 111 185
110 184 185
111 112 186
111 185 186
112 113 187
112 186 187
113 114 188
113 187 188
114 115 189
114 188 189
115 116 190
115 189 190
116 117 191
116 190 191
117 118 192
117 191 192
118 119 193
118 192 193
119 120 194
119 193 194
120 121 195
120 194 195
121 122 196
121 195 196
122 123 197
122 196 197
123 124 198
123 197 198
124 125 199
124 198 199
125 126 200
125 199 200
126 127 201
126 200 201
127 128 202
127 201 202
128 129 203
128 202 203
129 130 204
129 203 204
130 131 205
130 204 205
131 132 206
131 205 206
132 133 207
132 206 207
133 134 208
133 207 208
134 135 209
134 208 209
135 136 210
135 209 210
136 137 210
137 138 212
137 210 211
137 211 212
138 139 212
139 140 214
139 212 213
139 213 214
140 141 215
140 214 215
141 142 216
141 215 216
142 143 216
143 144 218
143 216 217
143 217 218
144 145 219
144 218 219
145 146 220
145 219 220
146 147 221
146 220 221
147 148 221
148 149 222
148 221 222
149 150 223
149 222 223
150 223 224
151 152 226
151 224 225
151 225 226
152 153 227
152 226 227
153 154 228
153 227 228
154 155 229
154 228 229
155 156 230
155 229 230
156 157 231
156 230 231
157 158 231
158 159 232
158 231 232
159 160 233
159 232 233
160 161 235
160 233 234
160 234 235
161 162 235
162 163 236
162 235 236
163 164 237
163 236 237
164 165 238
164 237 238
165 166 239
165 238 239
166 167 240
166 239 240
167 168 241
167 240 241
168 169 242
168 241 242
169 170 243
169 242 243
170 171 245
170 243 244
170 244 245
171 172 246
171 245 246
172 173 246
173 174 247
173 246 247
174 175 248
174 247 248
175 176 249
175 248 249
176 177 250
176 249 250
177 178 251
177 250 251
178 179 252
178 251 252
179 180 253
179 252 253
180 181 254
180 253 254
181 182 255
181 254 255
182 183 256
182 255 256
183 184 257
183 256 257
184 185 258
184 257 258
185 186 259
185 258 259
186 187 260
186 259 260
187 188 261
187 260 261
188 189 262
188 261 262
189 190 263
189 262 263
190 191 264
190 263 264
191 192 265
191 264 265
192 193 266
192 265 266
193 194 267
193 266 267
194 195 268
194 267 268
195 196 269
195 268 269
196 197 270
196 269 270
197 198 271
197 270 271
198 199 272
198 271 272
199 200 273
199 272 273
200 201 274
200 273 274
201 202 275
201 274 275
202 203 276
202 275 276
203 204 277
203 276 277
204 205 278
204 277 278
205 206 279
205 278 279
206 207 280
206 279 280
207 208 281
207 280 281
208 209 282
208 281 282
209 210 283
209 282 283
210 211 284
210 283 284
211 212 285
211 284 285
212 213 286
212 285 286
213 214 286
214 215 288
214 286 287
214 287 288
215 216 288
216 217 290
216 288 289
216 289 290
217 218 291
217 290 291
218 219 292
218 291 292
219 220 293
219 292 293
220 221 294
220 293 294
221 222 295
221 294 295
222 223 296
222 295 296
223 224 297
223 296 297
224 225 297
225 226 299
225 297 368
225 298 299
225 298 368
226 227 300
226 299 300
227 228 300
228 229 301
228 300 301
229 230 302
229 301 302
230 231 303
230 302 303
231 232 304
231 303 304
232 233 305
232 304 305
233 234 306
233 305 306
234 235 307
234 306 307
235 236 308
235 307 308
236 237 309
236 308 309
237 238 310
237 309 310
238 239 311
238 310 311
239 240 312
239 311 312
240 241 313
240 312 313
241 242 314
241 313 314
242 243 315
242 314 315
243 244 316
243 315 316
244 245 317
244 316 317
245 246 318
245 317 318
246 247 319
246 318 319
247 248 320
247 319 320
248 249 321
248 320 321
249 250 322
249 321 322
250 251 323
250 322 323
251 252 324
251 323 324
252 253 325
252 324 325
253 254 326
253 325 326
254 255 327
254 326 327
255 256 328
255 327 328
256 257 328
257 258 329
257 328 329
258 259 330
258 329 330
259 260 331
259 330 331
260 261 333
260 331 332
260 332 333
261 262 334
261 333 334
262 263 334
263 264 335
263 334 335
264 265 337
264 335 336
264 336 337
265 266 338
265 337 338
266 267 339
266 338 339
267 268 340
267 339 340
268 269 340
269 270 341
269 340 341
270 271 342
270 341 342
271 272 343
271 342 343
272 273 344
272 343 344
273 274 345
273 344 345
274 275 346
274 345 346
275 276 347
275 346 347
276 277 348
276 347 348
277 278 349
277 348 349
278 279 350
278 349 350
279 280 351
279 350 351
280 281 352
280 351 352
281 282 353
281 352 353
282 283 354
282 353 354
283 284 355
283 354 355
284 285 356
284 355 356
285 286 357
285 356 357
286 287 358
286 357 358
287 288 359
287 358 359
288 289 360
288 359 360
289 290 361
289 360 361
290 291 362
290 361 362
291 292 363
291 362 363
292 293 364
292 363 364
293 294 365
293 364 365
294 295 366
294 365 366
295 296 366
296 297 367
296 366 367
297 367 368
298 299 369
298 368 436
298 369 436
299 300 370
299 369 370
300 301 371
300 370 371
301 302 372
301 371 372
302 303 373
302 372 373
303 304 374
303 373 374
304 305 376
304 374 375
304 375 376
305 306 376
306 307 377
306 376 377
307 308 378
307 377 378
308 309 379
308 378 379
309 310 380
309 379 380
310 311 381
310 380 381
311 312 382
311 381 382
312 313 383
312 382 383
313 314 384
313 383 384
314 315 385
314 384 385
315 316 386
315 385 386
316 317 387
316 386 387
317 318 388
317 387 388
318 319 389
318 388 389
319 320 390
319 389 390
320 321 391
320 390 391
321 322 392
321 391 392
322 323 393
322 392 393
323 324 393
324 325 394
324 393 394
325 326 395
325 394 395
326 327 396
326 395 396
327 328 397
327 396 397
328 329 398
328 397 398
329 330 399
329 398 399
330 331 400
330 399 400
331 332 401
331 400 401
332 333 402
332 401 402
333 334 403
333 402 403
334 335 404
334 403 404
335 336 405
335 404 405
336 337 406
336 405 406
337 338 407
337 406 407
338 339 408
338 407 408
339 340 408
340 341 410
340 408 409
340 409 410
341 342 411
341 410 411
342 343 412
342 411 412
343 344 413
343 412 413
344 345 414
344 413 414
345 346 415
345 414 415
346 347 416
346 415 416
347 348 417
347 416 417
348 349 417
349 350 418
349 417 418
350 351 419
350 418 419
351 352 420
351 419 420
352 353 421
352 420 421
353 354 422
353 421 422
354 355 423
354 422 423
355 356 424
355 423 424
356 357 425
356 424 425
357 358 426
357 425 426
358 359 427
358 426 427
359 360 428
359 427 428
360 361 429
360 428 429
361 362 430
361 429 430
362 363 431
362 430 431
363 364 432
363 431 432
364 365 433
364 432 433
365 366 433
366 367 435
366 433 434
366 434 435
367 368 436
367 435 436
369 370 438
369 436 437
369 437 438
370 371 439
370 438 439
371 372 440
371 439 440
372 373 440
373 374 441
373 440 441
374 375 442
374 441 442
375 376 443
375 442 443
376 377 444
376 443 444
377 378 445
377 444 445
378 379 446
378 445 446
379 380 447
379 446 447
380 381 448
380 447 448
381 382 449
381 448 449
382 383 450
382 449 450
383 384 451
383 450 451
384 385 452
384 451 452
385 386 453
385 452 453
386 387 453
387 388 454
387 453 454
388 389 456
388 454 455
388 455 456
389 390 456
390 391 457
390 456 457
391 392 458
391 457 458
392 393 459
392 458 459
393 394 461
393 459 460
393 460 461
394 395 461
395 396 462
395 461 462
396 397 463
396 462 463
397 398 464
397 463 464
398 399 465
398 464 465
399 400 466
399 465 466
400 401 467
400 466 467
401 402 468
401 467 468
402 403 469
402 468 469
403 404 470
403 469 470
404 405 471
404 470 471
405 406 472
405 471 472
406 407 473
406 472 473
407 408 474
407 473 474
408 409 475
408 474 475
409 410 476
409 475 476
410 411 477
410 476 477
411 412 478
411 477 478
412 413 479
412 478 479
413 414 480
413 479 480
414 415 480
415 416 481
415 480 481
416 417 483
416 481 482
416 482 483
417 418 483
418 419 484
418 483 484
419 420 486
419 484 485
419 485 486
420 421 486
421 422 487
421 486 487
422 423 488
422 487 488
423 424 490
423 488 489
423 489 490
424 425 490
425 426 491
425 490 491
426 427 492
426 491 492
427 428 493
427 492 493
428 429 494
428 493 494
429 430 495
429 494 495
430 431 496
430 495 496
431 432 497
431 496 497
432 433 498
432 497 498
433 434 499
433 498 499
434 435 499
435 436 500
435 499 500
436 437 501
436 500 501
437 438 503
437 501 502
437 502 503
438 439 503
439 440 504
439 503 504
440 441 505
440 504 505
441 442 507
441 505 506
441 506 507
442 443 507
443 444 508
443 507 508
444 445 509
444 508 509
445 446 510
445 509 510
446 447 511
446 510 511
447 448 512
447 511 512
448 449 513
448 512 513
449 450 514
449 513 514
450 451 515
450 514 515
451 452 516
451 515 516
452 453 517
452 516 517
453 454 518
453 517 518
454 455 519
454 518 519
455 456 520
455 519 520
456 457 521
456 520 521
457 458 522
457 521 522
458 459 523
458 522 523
459 460 524
459 523 524
460 461 524
461 462 525
461 524 525
462 463 526
462 525 526
463 464 527
463 526 527
464 465 528
464 527 528
465 466 529
465 528 529
466 467 530
466 529 530
467 468 531
467 530 531
468 469 532
468 531 532
469 470 533
469 532 533
470 471 534
470 533 534
471 472 535
471 534 535
472 473 536
472 535 536
473 474 537
473 536 537
474 475 538
474 537 538
475 476 539
475 538 539
476 477 539
477 478 540
477 539 540
478 479 541
478 540 541
479 480 542
479 541 542
480 481 544
480 542 543
480 543 544
481 482 545
481 544 545
482 483 545
483 484 546
483 545 546
484 485 547
484 546 547
485 486 548
485 547 548
486 487 549
486 548 549
487 488 550
487 549 550
488 489 551
488 550 551
489 490 552
489 551 552
490 491 553
490 552 553
491 492 554
491 553 554
492 493 555
492 554 555
493 494 556
493 555 556
494 495 557
494 556 557
495 496 558
495 557 558
496 497 559
496 558 559
497 498 559
498 499 560
498 559 560
499 500 562
499 560 561
499 561 562
500 501 563
500 562 563
501 502 563
502 503 564
502 563 564
503 504 565
503 564 565
504 505 567
504 565 566
504 566 567
505 506 567
506 507 568
506 567 568
507 508 569
507 568 569
508 509 570
508 569 570
509 510 571
509 570 571
510 511 572
510 571 572
511 512 573
511 572 573
512 513 573
513 514 575
513 573 574
513 574 575
514 515 576
514 575 576
515 516 577
515 576 577
516 517 578
516 577 578
517 518 579
517 578 579
518 519 579
519 520 580
519 579 580
520 521 581
520 580 581
521 522 582
521 581 582
522 523 583
522 582 583
523 524 584
523 583 584
524 525 584
525 526 586
525 584 585
525 585 586
526 527 586
527 528 587
527 586 587
528 529 588
528 587 588
529 530 589
529 588 589
530 531 590
530 589 590
531 532 591
531 590 591
532 533 592
532 591 592
533 534 593
533 592 593
534 535 594
534 593 594
535 536 595
535 594 595
536 537 595
537 538 596
537 595 596
538 539 597
538 596 597
539 540 599
539 597 598
539 598 599
540 541 600
540 599 600
541 542 600
542 543 601
542 600 601
543 544 602
543 601 602
544 545 603
544 602 603
545 546 604
545 603 604
546 547 605
546 604 605
547 548 606
547 605 606
548 549 607
548 606 607
549 550 608
549 607 608
550 551 609
550 608 609
551 552 610
551 609 610
552 553 611
552 610 611
553 554 612
553 611 612
554 555 613
554 612 613
555 556 613
556 557 614
556 613 614
557 558 615
557 614 615
558 559 616
558 615 616
559 560 617
559 616 617
560 561 618
560 617 618
561 562 619
561 618 619
562 563 620
562 619 620
563 564 620
564 565 622
564 620 673
564 621 622
564 621 673
565 566 623
565 622 623
566 567 623
567 568 624
567 623 624
568 569 625
568 624 625
569 570 626
569 625 626
570 571 627
570 626 627
571 572 628
571 627 628
572 573 629
572 628 629
573 574 630
573 629 630
574 575 631
574 630 631
575 576 632
575 631 632
576 577 633
576 632 633
577 578 634
577 633 634
578 579 634
579 580 635
579 634 635
580 581 636
580 635 636
581 582 637
581 636 637
582 583 638
582 637 638
583 584 639
583 638 639
584 585 640
584 639 640
585 586 641
585 640 641
586 587 642
586 641 642
587 588 643
587 642 643
588 589 644
588 643 644
589 590 645
589 644 645
590 591 646
590 645 646
591 592 647
591 646 647
592 593 647
593 594 648
593 647 648
594 595 649
594 648 649
595 596 650
595 649 650
596 597 651
596 650 651
597 598 652
597 651 652
598 599 653
598 652 653
599 600 654
599 653 654
600 601 655
600 654 655
601 602 656
601 655 656
602 603 657
602 656 657
603 604 658
603 657 658
604 605 659
604 658 659
605 606 659
606 607 660
606 659 660
607 608 662
607 660 661
607 661 662
608 609 662
609 610 663
609 662 663
610 611 664
610 663 664
611 612 665
611 664 665
612 613 666
612 665 666
613 614 667
613 666 667
614 615 668
614 667 668
615 616 669
615 668 669
616 617 670
616 669 670
617 618 671
617 670 671
618 619 672
618 671 672
619 620 673
619 672 673
621 622 674
621 673 721
621 674 721
622 623 675
622 674 675
623 624 676
623 675 676
624 625 677
624 676 677
625 626 678
625 677 678
626 627 679
626 678 679
627 628 680
627 679 680
628 629 681
628 680 681
629 630 682
629 681 682
630 631 683
630 682 683
631 632 683
632 633 684
632 683 684
633 634 685
633 684 685
634 635 686
634 685 686
635 636 687
635 686 687
636 637 688
636 687 688
637 638 689
637 688 689
638 639 690
638 689 690
639 640 691
639 690 691
640 641 692
640 691 692
641 642 692
642 643 693
642 692 693
643 644 694
643 693 694
644 645 695
644 694 695
645 646 696
645 695 696
646 647 697
646 696 697
647 648 698
647 697 698
648 649 699
648 698 699
649 650 700
649 699 700
650 651 701
650 700 701
651 652 701
652 653 702
652 701 702
653 654 703
653 702 703
654 655 705
654 703 704
654 704 705
655 656 705
656 657 706
656 705 706
657 658 707
657 706 707
658 659 708
658 707 708
659 660 709
659 708 709
660 661 710
660 709 710
661 662 711
661 710 711
662 663 712
662 711 712
663 664 712
664 665 713
664 712 713
665 666 714
665 713 714
666 667 715
666 714 715
667 668 716
667 715 716
668 669 717
668 716 717
669 670 718
669 717 718
670 671 719
670 718 719
671 672 720
671 719 720
672 673 720
673 720 721
674 675 723
674 721 722
674 722 723
675 676 724
675 723 724
676 677 724
677 678 725
677 724 725
678 679 726
678 725 726
679 680 727
679 726 727
680 681 728
680 727 728
681 682 729
681 728 729
682 683 730
682 729 730
683 684 730
684 685 731
684 730 731
685 686 732
685 731 732
686 687 733
686 732 733
687 688 734
687 733 734
688 689 735
688 734 735
689 690 736
689 735 736
690 691 737
690 736 737
691 692 738
691 737 738
692 693 739
692 738 739
693 694 740
693 739 740
694 695 740
695 696 741
695 740 741
696 697 742
696 741 742
697 698 743
697 742 743
698 699 744
698 743 744
699 700 745
699 744 745
700 701 746
700 745 746
701 702 747
701 746 747
702 703 748
702 747 748
703 704 749
703 748 749
704 705 749
705 706 750
705 749 750
706 707 751
706 750 751
707 708 752
707 751 752
708 709 753
708 752 753
709 710 754
709 753 754
710 711 754
711 712 756
711 754 755
711 755 756
712 713 757
712 756 757
713 714 757
714 715 758
714 757 758
715 716 759
715 758 759
716 717 760
716 759 760
717 718 761
717 760 761
718 719 762
718 761 762
719 720 763
719 762 763
720 721 764
720 763 764
721 722 764
722 723 765
722 764 765
723 724 766
723 765 766
724 725 767
724 766 767
725 726 768
725 767 768
726 727 769
726 768 769
727 728 770
727 769 770
728 729 771
728 770 771
729 730 772
729 771 772
730 731 772
731 732 773
731 772 773
732 733 774
732 773 774
733 734 775
733 774 775
734 735 776
734 775 776
735 736 777
735 776 777
736 737 778
736 777 778
737 738 778
738 739 779
738 778 779
739 740 780
739 779 780
740 741 781
740 780 781
741 742 782
741 781 782
742 743 783
742 782 783
743 744 784
743 783 784
744 745 784
745 746 785
745 784 785
746 747 786
746 785 786
747 748 787
747 786 787
748 749 788
748 787 788
749 750 789
749 788 789
750 751 789
751 752 790
751 789 790
752 753 791
752 790 791
753 754 792
753 791 792
754 755 793
754 792 793
755 756 794
755 793 794
756 757 795
756 794 795
757 758 795
758 759 796
758 795 796
759 760 797
759 796 797
760 761 798
760 797 798
761 762 799
761 798 799
762 763 800
762 799 800
763 764 801
763 800 801
764 765 801
765 766 802
765 801 832
765 802 832
766 767 803
766 802 803
767 768 804
767 803 804
768 769 805
768 804 805
769 770 806
769 805 806
770 771 807
770 806 807
771 772 807
772 773 808
772 807 808
773 774 809
773 808 809
774 775 810
774 809 810
775 776 811
775 810 811
776 777 812
776 811 812
777 778 812
778 779 813
778 812 813
779 780 814
779 813 814
780 781 815
780 814 815
781 782 816
781 815 816
782 783 817
782 816 817
783 784 818
783 817 818
784 785 818
785 786 819
785 818 819
786 787 820
786 819 820
787 788 821
787 820 821
788 789 822
788 821 822
789 790 822
790 791 823
790 822 823
791 792 824
791 823 824
792 793 825
792 824 825
793 794 826
793 825 826
794 795 827
794 826 827
795 796 828
795 827 828
796 797 828
797 798 829
797 828 829
798 799 830
798 829 830
799 800 831
799 830 831
800 801 832
800 831 832
802 803 833
802 832 833
803 804 834
803 833 834
804 805 835
804 834 835
805 806 836
805 835 836
806 807 837
806 836 837
807 808 838
807 837 838
808 809 838
809 810 839
809 838 839
810 811 840
810 839 840
811 812 841
811 840 841
812 813 841
813 814 842
813 841 842
814 815 843
814 842 843
815 816 844
815 843 844
816 817 845
816 844 845
817 818 845
818 819 846
818 845 846
819 820 847
819 846 847
820 821 848
820 847 848
821 822 849
821 848 849
822 823 850
822 849 850
823 824 850
824 825 851
824 850 851
825 826 852
825 851 852
826 827 853
826 852 853
827 828 853
828 829 854
828 853 854
829 830 855
829 854 855
830 831 856
830 855 856
831 832 857
831 856 857
832 833 857
833 834 858
833 857 858
834 835 859
834 858 859
835 836 860
835 859 860
836 837 860
837 838 861
837 860 861
838 839 862
838 861 862
839 840 863
839 862 863
840 841 863
841 842 864
841 863 864
842 843 865
842 864 865
843 844 866
843 865 866
844 845 866
845 846 867
845 866 867
846 847 868
846 867 868
847 848 868
848 849 869
848 868 869
849 850 870
849 869 870
850 851 871
850 870 871
851 852 871
852 853 872
852 871 872
853 854 873
853 872 873
854 855 874
854 873 874
855 856 874
856 857 875
856 874 875
857 858 875
858 859 876
858 875 876
859 860 877
859 876 877
860 861 878
860 877 878
861 862 878
862 863 879
862 878 879
863 864 880
863 879 880
864 865 880
865 866 881
865 880 881
866 867 882
866 881 882
867 868 882
868 869 883
868 882 883
869 870 884
869 883 884
870 871 884
871 872 885
871 884 885
872 873 886
872 885 886
873 874 886
874 875 887
874 886 887
875 876 887
876 877 888
876 887 888
877 878 889
877 888 889
878 879 889
879 880 889
880 881 890
880 889 890
881 882 890
882 883 891
882 890 891
883 884 891
884 885 892
884 891 892
885 886 892
886 887 892
887 888 892
893 1706 1707
893 1706 1710
893 1707 1708
893 1708 1709
893 1709 1710
894 895 969
894 968 1042
894 969 1042
895 896 970
895 969 970
896 897 971
896 970 971
897 898 972
897 971 972
898 899 973
898 972 973
899 900 975
899 973 974
899 974 975
900 901 975
901 902 977
901 975 976
901 976 977
902 903 977
903 904 978
903 977 978
904 905 979
904 978 979
905 906 981
905 979 980
905 980 981
906 907 982
906 981 982
907 908 983
907 982 983
908 909 984
908 983 984
909 910 984
910 911 985
910 984 985
911 912 986
911 985 986
912 913 987
912 986 987
913 914 988
913 987 988
914 915 989
914 988 989
915 916 990
915 989 990
916 917 991
916 990 991
917 918 992
917 991 992
918 919 993
918 992 993
919 920 994
919 993 994
920 921 995
920 994 995
921 922 996
921 995 996
922 923 997
922 996 997
923 924 998
923 997 998
924 925 999
924 998 999
925 926 1000
925 999 1000
926 927 1001
926 1000 1001
927 928 1002
927 1001 1002
928 929 1003
928 1002 1003
929 930 1004
929 1003 1004
930 931 1005
930 1004 1005
931 932 1006
931 1005 1006
932 933 1007
932 1006 1007
933 934 1008
933 1007 1008
934 935 1009
934 1008 1009
935 936 1010
935 1009 1010
936 937 1011
936 1010 1011
937 938 1012
937 1011 1012
938 939 1013
938 1012 1013
939 940 1014
939 1013 1014
940 941 1015
940 1014 1015
941 942 1016
941 1015 1016
942 943 1017
942 1016 1017
943 944 1018
943 1017 1018
944 945 1019
944 1018 1019
945 946 1020
945 1019 1020
946 947 1021
946 1020 1021
947 948 1022
947 1021 1022
948 949 1023
948 1022 1023
949 950 1024
949 1023 1024
950 951 1025
950 1024 1025
951 952 1026
951 1025 1026
952 953 1027
952 1026 1027
953 954 1028
953 1027 1028
954 955 1028
955 956 1030
955 1028 1029
955 1029 1030
956 957 1030
957 958 1032
957 1030 1031
957 1031 1032
958 959 1033
958 1032 1033
959 960 1034
959 1033 1034
960 961 1034
961 962 1036
961 1034 1035
961 1035 1036
962 963 1037
962 1036 1037
963 964 1038
963 1037 1038
964 965 1039
964 1038 1039
965 966 1039
966 967 1040
966 1039 1040
967 968 1041
967 1040 1041
968 1041 1042
969 970 1044
969 1042 1043
969 1043 1044
970 971 1045
970 1044 1045
971 972 1046
971 1045 1046
972 973 1047
972 1046 1047
973 974 1048
973 1047 1048
974 975 1049
974 1048 1049
975 976 1049
976 977 1050
976 1049 1050
977 978 1051
977 1050 1051
978 979 1053
978 1051 1052
978 1052 1053
979 980 1053
980 981 1054
980 1053 1054
981 982 1055
981 1054 1055
982 983 1056
982 1055 1056
983 984 1057
983 1056 1057
984 985 1058
984 1057 1058
985 986 1059
985 1058 1059
986 987 1060
986 1059 1060
987 988 1061
987 1060 1061
988 989 1063
988 1061 1062
988 1062 1063
989 990 1064
989 1063 1064
990 991 1064
991 992 1065
991 1064 1065
992 993 1066
992 1065 1066
993 994 1067
993 1066 1067
994 995 1068
994 1067 1068
995 996 1069
995 1068 1069
996 997 1070
996 1069 1070
997 998 1071
997 1070 1071
998 999 1072
998 1071 1072
999 1000 1073
999 1072 1073
1000 1001 1074
1000 1073 1074
1001 1002 1075
1001 1074 1075
1002 1003 1076
1002 1075 1076
1003 1004 1077
1003 1076 1077
1004 1005 1078
1004 1077 1078
1005 1006 1079
1005 1078 1079
1006 1007 1080
1006 1079 1080
1007 1008 1081
1007 1080 1081
1008 1009 1082
1008 1081 1082
1009 1010 1083
1009 1082 1083
1010 1011 1084
1010 1083 1084
1011 1012 1085
1011 1084 1085
1012 1013 1086
1012 1085 1086
1013 1014 1087
1013 1086 1087
1014 1015 1088
1014 1087 1088
1015 1016 1089
1015 1088 1089
1016 1017 1090
1016 1089 1090
1017 1018 1091
1017 1090 1091
1018 1019 1092
1018 1091 1092
1019 1020 1093
1019 1092 1093
1020 1021 1094
1020 1093 1094
1021 1022 1095
1021 1094 1095
1022 1023 1096
1022 1095 1096
1023 1024 1097
1023 1096 1097
1024 1025 1098
1024 1097 1098
1025 1026 1099
1025 1098 1099
1026 1027 1100
1026 1099 1100
1027 1028 1101
1027 1100 1101
1028 1029 1102
1028 1101 1102
1029 1030 1103
1029 1102 1103
1030 1031 1104
1030 1103 1104
1031 1032 1104
1032 1033 1106
1032 1104 1105
1032 1105 1106
1033 1034 1106
1034 1035 1108
1034 1106 1107
1034 1107 1108
1035 1036 1109
1035 1108 1109
1036 1037 1110
1036 1109 1110
1037 1038 1111
1037 1110 1111
1038 1039 1112
1038 1111 1112
1039 1040 1113
1039 1112 1113
1040 1041 1114
1040 1113 1114
1041 1042 1115
1041 1114 1115
1042 1043 1115
1043 1044 1117
1043 1115 1186
1043 1116 1117
1043 1116 1186
1044 1045 1118
1044 1117 1118
1045 1046 1118
1046 1047 1119
1046 1118 1119
1047 1048 1120
1047 1119 1120
1048 1049 1121
1048 1120 1121
1049 1050 1122
1049 1121 1122
1050 1051 1123
1050 1122 1123
1051 1052 1124
1051 1123 1124
1052 1053 1125
1052 1124 1125
1053 1054 1126
1053 1125 1126
1054 1055 1127
1054 1126 1127
1055 1056 1128
1055 1127 1128
1056 1057 1129
1056 1128 1129
1057 1058 1130
1057 1129 1130
1058 1059 1131
1058 1130 1131
1059 1060 1132
1059 1131 1132
1060 1061 1133
1060 1132 1133
1061 1062 1134
1061 1133 1134
1062 1063 1135
1062 1134 1135
1063 1064 1136
1063 1135 1136
1064 1065 1137
1064 1136 1137
1065 1066 1138
1065 1137 1138
1066 1067 1139
1066 1138 1139
1067 1068 1140
1067 1139 1140
1068 1069 1141
1068 1140 1141
1069 1070 1142
1069 1141 1142
1070 1071 1143
1070 1142 1143
1071 1072 1144
1071 1143 1144
1072 1073 1145
1072 1144 1145
1073 1074 1146
1073 1145 1146
1074 1075 1146
1075 1076 1147
1075 1146 1147
1076 1077 1148
1076 1147 1148
1077 1078 1149
1077 1148 1149
1078 1079 1151
1078 1149 1150
1078 1150 1151
1079 1080 1152
1079 1151 1152
1080 1081 1152
1081 1082 1153
1081 1152 1153
1082 1083 1155
1082 1153 1154
1082 1154 1155
1083 1084 1156
1083 1155 1156
1084 1085 1157
1084 1156 1157
1085 1086 1158
1085 1157 1158
1086 1087 1158
1087 1088 1159
1087 1158 1159
1088 1089 1160
1088 1159 1160
1089 1090 1161
1089 1160 1161
1090 1091 1162
1090 1161 1162
1091 1092 1163
1091 1162 1163
1092 1093 1164
1092 1163 1164
1093 1094 1165
1093 1164 1165
1094 1095 1166
1094 1165 1166
1095 1096 1167
1095 1166 1167
1096 1097 1168
1096 1167 1168
1097 1098 1169
1097 1168 1169
1098 1099 1170
1098 1169 1170
1099 1100 1171
1099 1170 1171
1100 1101 1172
1100 1171 1172
1101 1102 1173
1101 1172 1173
1102 1103 1174
1102 1173 1174
1103 1104 1175
1103 1174 1175
1104 1105 1176
1104 1175 1176
1105 1106 1177
1105 1176 1177
1106 1107 1178
1106 1177 1178
1107 1108 1179
1107 1178 1179
1108 1109 1180
1108 1179 1180
1109 1110 1181
1109 1180 1181
1110 1111 1182
1110 1181 1182
1111 1112 1183
1111 1182 1183
1112 1113 1184
1112 1183 1184
1113 1114 1184
1114 1115 1185
1114 1184 1185
1115 1185 1186
1116 1117 1187
1116 1186 1254
1116 1187 1254
1117 1118 1188
1117 1187 1188
1118 1119 1189
1118 1188 1189
1119 1120 1190
1119 1189 1190
1120 1121 1191
1120 1190 1191
1121 1122 1192
1121 1191 1192
1122 1123 1194
1122 1192 1193
1122 1193 1194
1123 1124 1194
1124 1125 1195
1124 1194 1195
1125 1126 1196
1125 1195 1196
1126 1127 1197
1126 1196 1197
1127 1128 1198
1127 1197 1198
1128 1129 1199
1128 1198 1199
1129 1130 1200
1129 1199 1200
1130 1131 1201
1130 1200 1201
1131 1132 1202
1131 1201 1202
1132 1133 1203
1132 1202 1203
1133 1134 1204
1133 1203 1204
1134 1135 1205
1134 1204 1205
1135 1136 1206
1135 1205 1206
1136 1137 1207
1136 1206 1207
1137 1138 1208
1137 1207 1208
1138 1139 1209
1138 1208 1209
1139 1140 1210
1139 1209 1210
1140 1141 1211
1140 1210 1211
1141 1142 1211
1142 1143 1212
1142 1211 1212
1143 1144 1213
1143 1212 1213
1144 1145 1214
1144 1213 1214
1145 1146 1215
1145 1214 1215
1146 1147 1216
1146 1215 1216
1147 1148 1217
1147 1216 1217
1148 1149 1218
1148 1217 1218
1149 1150 1219
1149 1218 1219
1150 1151 1220
1150 1219 1220
1151 1152 1221
1151 1220 1221
1152 1153 1222
1152 1221 1222
1153 1154 1223
1153 1222 1223
1154 1155 1224
1154 1223 1224
1155 1156 1225
1155 1224 1225
1156 1157 1226
1156 1225 1226
1157 1158 1226
1158 1159 1228
1158 1226 1227
1158 1227 1228
1159 1160 1229
1159 1228 1229
1160 1161 1230
1160 1229 1230
1161 1162 1231
1161 1230 1231
1162 1163 1232
1162 1231 1232
1163 1164 1233
1163 1232 1233
1164 1165 1234
1164 1233 1234
1165 1166 1235
1165 1234 1235
1166 1167 1235
1167 1168 1236
1167 1235 1236
1168 1169 1237
1168 1236 1237
1169 1170 1238
1169 1237 1238
1170 1171 1239
1170 1238 1239
1171 1172 1240
1171 1239 1240
1172 1173 1241
1172 1240 1241
1173 1174 1242
1173 1241 1242
1174 1175 1243
1174 1242 1243
1175 1176 1244
1175 1243 1244
1176 1177 1245
1176 1244 1245
1177 1178 1246
1177 1245 1246
1178 1179 1247
1178 1246 1247
1179 1180 1248
1179 1247 1248
1180 1181 1249
1180 1248 1249
1181 1182 1250
1181 1249 1250
1182 1183 1251
1182 1250 1251
1183 1184 1251
1184 1185 1253
1184 1251 1252
1184 1252 1253
1185 1186 1254
1185 1253 1254
1187 1188 1256
1187 1254 1255
1187 1255 1256
1188 1189 1257
1188 1256 1257
1189 1190 1258
1189 1257 1258
1190 1191 1258
1191 1192 1259
1191 1258 1259
1192 1193 1260
1192 1259 1260
1193 1194 1261
1193 1260 1261
1194 1195 1262
1194 1261 1262
1195 1196 1263
1195 1262 1263
1196 1197 1264
1196 1263 1264
1197 1198 1265
1197 1264 1265
1198 1199 1266
1198 1265 1266
1199 1200 1267
1199 1266 1267
1200 1201 1268
1200 1267 1268
1201 1202 1269
1201 1268 1269
1202 1203 1270
1202 1269 1270
1203 1204 1271
1203 1270 1271
1204 1205 1271
1205 1206 1272
1205 1271 1272
1206 1207 1274
1206 1272 1273
1206 1273 1274
1207 1208 1274
1208 1209 1275
1208 1274 1275
1209 1210 1276
1209 1275 1276
1210 1211 1277
1210 1276 1277
1211 1212 1279
1211 1277 1278
1211 1278 1279
1212 1213 1279
1213 1214 1280
1213 1279 1280
1214 1215 1281
1214 1280 1281
1215 1216 1282
1215 1281 1282
1216 1217 1283
1216 1282 1283
1217 1218 1284
1217 1283 1284
1218 1219 1285
1218 1284 1285
1219 1220 1286
1219 1285 1286
1220 1221 1287
1220 1286 1287
1221 1222 1288
1221 1287 1288
1222 1223 1289
1222 1288 1289
1223 1224 1290
1223 1289 1290
1224 1225 1291
1224 1290 1291
1225 1226 1292
1225 1291 1292
1226 1227 1293
1226 1292 1293
1227 1228 1294
1227 1293 1294
1228 1229 1295
1228 1294 1295
1229 1230 1296
1229 1295 1296
1230 1231 1297
1230 1296 1297
1231 1232 1298
1231 1297 1298
1232 1233 1298
1233 1234 1299
1233 1298 1299
1234 1235 1301
1234 1299 1300
1234 1300 1301
1235 1236 1301
1236 1237 1302
1236 1301 1302
1237 1238 1304
1237 1302 1303
1237 1303 1304
1238 1239 1304
1239 1240 1305
1239 1304 1305
1240 1241 1306
1240 1305 1306
1241 1242 1308
1241 1306 1307
1241 1307 1308
1242 1243 1308
1243 1244 1309
1243 1308 1309
1244 1245 1310
1244 1309 1310
1245 1246 1311
1245 1310 1311
1246 1247 1312
1246 1311 1312
1247 1248 1313
1247 1312 1313
1248 1249 1314
1248 1313 1314
1249 1250 1315
1249 1314 1315
1250 1251 1316
1250 1315 1316
1251 1252 1317
1251 1316 1317
1252 1253 1317
1253 1254 1318
1253 1317 1318
1254 1255 1319
1254 1318 1319
1255 1256 1321
1255 1319 1320
1255 1320 1321
1256 1257 1321
1257 1258 1322
1257 1321 1322
1258 1259 1323
1258 1322 1323
1259 1260 1325
1259 1323 1324
1259 1324 1325
1260 1261 1325
1261 1262 1326
1261 1325 1326
1262 1263 1327
1262 1326 1327
1263 1264 1328
1263 1327 1328
1264 1265 1329
1264 1328 1329
1265 1266 1330
1265 1329 1330
1266 1267 1331
1266 1330 1331
1267 1268 1332
1267 1331 1332
1268 1269 1333
1268 1332 1333
1269 1270 1334
1269 1333 1334
1270 1271 1335
1270 1334 1335
1271 1272 1336
1271 1335 1336
1272 1273 1337
1272 1336 1337
1273 1274 1338
1273 1337 1338
1274 1275 1339
1274 1338 1339
1275 1276 1340
1275 1339 1340
1276 1277 1341
1276 1340 1341
1277 1278 1342
1277 1341 1342
1278 1279 1342
1279 1280 1343
1279 1342 1343
1280 1281 1344
1280 1343 1344
1281 1282 1345
1281 1344 1345
1282 1283 1346
1282 1345 1346
1283 1284 1347
1283 1346 1347
1284 1285 1348
1284 1347 1348
1285 1286 1349
1285 1348 1349
1286 1287 1350
1286 1349 1350
1287 1288 1351
1287 1350 1351
1288 1289 1352
1288 1351 1352
1289 1290 1353
1289 1352 1353
1290 1291 1354
1290 1353 1354
1291 1292 1355
1291 1354 1355
1292 1293 1356
1292 1355 1356
1293 1294 1357
1293 1356 1357
1294 1295 1357
1295 1296 1358
1295 1357 1358
1296 1297 1359
1296 1358 1359
1297 1298 1360
1297 1359 1360
1298 1299 1362
1298 1360 1361
1298 1361 1362
1299 1300 1363
1299 1362 1363
1300 1301 1363
1301 1302 1364
1301 1363 1364
1302 1303 1365
1302 1364 1365
1303 1304 1366
1303 1365 1366
1304 1305 1367
1304 1366 1367
1305 1306 1368
1305 1367 1368
1306 1307 1369
1306 1368 1369
1307 1308 1370
1307 1369 1370
1308 1309 1371
1308 1370 1371
1309 1310 1372
1309 1371 1372
1310 1311 1373
1310 1372 1373
1311 1312 1374
1311 1373 1374
1312 1313 1375
1312 1374 1375
1313 1314 1376
1313 1375 1376
1314 1315 1377
1314 1376 1377
1315 1316 1377
1316 1317 1378
1316 1377 1378
1317 1318 1380
1317 1378 1379
1317 1379 1380
1318 1319 1381
1318 1380 1381
1319 1320 1381
1320 1321 1382
1320 1381 1382
1321 1322 1383
1321 1382 1383
1322 1323 1385
1322 1383 1384
1322 1384 1385
1323 1324 1385
1324 1325 1386
1324 1385 1386
1325 1326 1387
1325 1386 1387
1326 1327 1388
1326 1387 1388
1327 1328 1389
1327 1388 1389
1328 1329 1390
1328 1389 1390
1329 1330 1391
1329 1390 1391
1330 1331 1391
1331 1332 1393
1331 1391 1392
1331 1392 1393
1332 1333 1394
1332 1393 1394
1333 1334 1395
1333 1394 1395
1334 1335 1396
1334 1395 1396
1335 1336 1397
1335 1396 1397
1336 1337 1397
1337 1338 1398
1337 1397 1398
1338 1339 1399
1338 1398 1399
1339 1340 1400
1339 1399 1400
1340 1341 1401
1340 1400 1401
1341 1342 1402
1341 1401 1402
1342 1343 1402
1343 1344 1404
1343 1402 1403
1343 1403 1404
1344 1345 1404
1345 1346 1405
1345 1404 1405
1346 1347 1406
1346 1405 1406
1347 1348 1407
1347 1406 1407
1348 1349 1408
1348 1407 1408
1349 1350 1409
1349 1408 1409
1350 1351 1410
1350 1409 1410
1351 1352 1411
1351 1410 1411
1352 1353 1412
1352 1411 1412
1353 1354 1413
1353 1412 1413
1354 1355 1413
1355 1356 1414
1355 1413 1414
1356 1357 1415
1356 1414 1415
1357 1358 1417
1357 1415 1416
1357 1416 1417
1358 1359 1418
1358 1417 1418
1359 1360 1418
1360 1361 1419
1360 1418 1419
1361 1362 1420
1361 1419 1420
1362 1363 1421
1362 1420 1421
1363 1364 1422
1363 1421 1422
1364 1365 1423
1364 1422 1423
1365 1366 1424
1365 1423 1424
1366 1367 1425
1366 1424 1425
1367 1368 1426
1367 1425 1426
1368 1369 1427
1368 1426 1427
1369 1370 1428
1369 1427 1428
1370 1371 1429
1370 1428 1429
1371 1372 1430
1371 1429 1430
1372 1373 1431
1372 1430 1431
1373 1374 1431
1374 1375 1432
1374 1431 1432
1375 1376 1433
1375 1432 1433
1376 1377 1434
1376 1433 1434
1377 1378 1435
1377 1434 1435
1378 1379 1436
1378 1435 1436
1379 1380 1437
1379 1436 1437
1380 1381 1438
1380 1437 1438
1381 1382 1438
1382 1383 1440
1382 1438 1491
1382 1439 1440
1382 1439 1491
1383 1384 1441
1383 1440 1441
1384 1385 1441
1385 1386 1442
1385 1441 1442
1386 1387 1443
1386 1442 1443
1387 1388 1444
1387 1443 1444
1388 1389 1445
1388 1444 1445
1389 1390 1446
1389 1445 1446
1390 1391 1447
1390 1446 1447
1391 1392 1448
1391 1447 1448
1392 1393 1449
1392 1448 1449
1393 1394 1450
1393 1449 1450
1394 1395 1451
1394 1450 1451
1395 1396 1452
1395 1451 1452
1396 1397 1452
1397 1398 1453
1397 1452 1453
1398 1399 1454
1398 1453 1454
1399 1400 1455
1399 1454 1455
1400 1401 1456
1400 1455 1456
1401 1402 1457
1401 1456 1457
1402 1403 1458
1402 1457 1458
1403 1404 1459
1403 1458 1459
1404 1405 1460
1404 1459 1460
1405 1406 1461
1405 1460 1461
1406 1407 1462
1406 1461 1462
1407 1408 1463
1407 1462 1463
1408 1409 1464
1408 1463 1464
1409 1410 1465
1409 1464 1465
1410 1411 1465
1411 1412 1466
1411 1465 1466
1412 1413 1467
1412 1466 1467
1413 1414 1468
1413 1467 1468
1414 1415 1469
1414 1468 1469
1415 1416 1470
1415 1469 1470
1416 1417 1471
1416 1470 1471
1417 1418 1472
1417 1471 1472
1418 1419 1473
1418 1472 1473
1419 1420 1474
1419 1473 1474
1420 1421 1475
1420 1474 1475
1421 1422 1476
1421 1475 1476
1422 1423 1477
1422 1476 1477
1423 1424 1477
1424 1425 1478
1424 1477 1478
1425 1426 1480
1425 1478 1479
1425 1479 1480
1426 1427 1480
1427 1428 1481
1427 1480 1481
1428 1429 1482
1428 1481 1482
1429 1430 1483
1429 1482 1483
1430 1431 1484
1430 1483 1484
1431 1432 1485
1431 1484 1485
1432 1433 1486
1432 1485 1486
1433 1434 1487
1433 1486 1487
1434 1435 1488
1434 1487 1488
1435 1436 1489
1435 1488 1489
1436 1437 1490
1436 1489 1490
1437 1438 1491
1437 1490 1491
1439 1440 1492
1439 1491 1539
1439 1492 1539
1440 1441 1493
1440 1492 1493
1441 1442 1494
1441 1493 1494
1442 1443 1495
1442 1494 1495
1443 1444 1496
1443 1495 1496
1444 1445 1497
1444 1496 1497
1445 1446 1498
1445 1497 1498
1446 1447 1499
1446 1498 1499
1447 1448 1500
1447 1499 1500
1448 1449 1501
1448 1500 1501
1449 1450 1501
1450 1451 1502
1450 1501 1502
1451 1452 1503
1451 1502 1503
1452 1453 1504
1452 1503 1504
1453 1454 1505
1453 1504 1505
1454 1455 1506
1454 1505 1506
1455 1456 1507
1455 1506 1507
1456 1457 1508
1456 1507 1508
1457 1458 1509
1457 1508 1509
1458 1459 1510
1458 1509 1510
1459 1460 1510
1460 1461 1511
1460 1510 1511
1461 1462 1512
1461 1511 1512
1462 1463 1513
1462 1512 1513
1463 1464 1514
1463 1513 1514
1464 1465 1515
1464 1514 1515
1465 1466 1516
1465 1515 1516
1466 1467 1517
1466 1516 1517
1467 1468 1518
1467 1517 1518
1468 1469 1519
1468 1518 1519
1469 1470 1519
1470 1471 1520
1470 1519 1520
1471 1472 1521
1471 1520 1521
1472 1473 1523
1472 1521 1522
1472 1522 1523
1473 1474 1523
1474 1475 1524
1474 1523 1524
1475 1476 1525
1475 1524 1525
1476 1477 1526
1476 1525 1526
1477 1478 1527
1477 1526 1527
1478 1479 1528
1478 1527 1528
1479 1480 1529
1479 1528 1529
1480 1481 1530
1480 1529 1530
1481 1482 1530
1482 1483 1531
1482 1530 1531
1483 1484 1532
1483 1531 1532
1484 1485 1533
1484 1532 1533
1485 1486 1534
1485 1533 1534
1486 1487 1535
1486 1534 1535
1487 1488 1536
1487 1535 1536
1488 1489 1537
1488 1536 1537
1489 1490 1538
1489 1537 1538
1490 1491 1538
1491 1538 1539
1492 1493 1541
1492 1539 1540
1492 1540 1541
1493 1494 1542
1493 1541 1542
1494 1495 1542
1495 1496 1543
1495 1542 1543
1496 1497 1544
1496 1543 1544
1497 1498 1545
1497 1544 1545
1498 1499 1546
1498 1545 1546
1499 1500 1547
1499 1546 1547
1500 1501 1548
1500 1547 1548
1501 1502 1548
1502 1503 1549
1502 1548 1549
1503 1504 1550
1503 1549 1550
1504 1505 1551
1504 1550 1551
1505 1506 1552
1505 1551 1552
1506 1507 1553
1506 1552 1553
1507 1508 1554
1507 1553 1554
1508 1509 1555
1508 1554 1555
1509 1510 1556
1509 1555 1556
1510 1511 1557
1510 1556 1557
1511 1512 1558
1511 1557 1558
1512 1513 1558
1513 1514 1559
1513 1558 1559
1514 1515 1560
1514 1559 1560
1515 1516 1561
1515 1560 1561
1516 1517 1562
1516 1561 1562
1517 1518 1563
1517 1562 1563
1518 1519 1564
1518 1563 1564
1519 1520 1565
1519 1564 1565
1520 1521 1566
1520 1565 1566
1521 1522 1567
1521 1566 1567
1522 1523 1567
1523 1524 1568
1523 1567 1568
1524 1525 1569
1524 1568 1569
1525 1526 1570
1525 1569 1570
1526 1527 1571
1526 1570 1571
1527 1528 1572
1527 1571 1572
1528 1529 1572
1529 1530 1574
1529 1572 1573
1529 1573 1574
1530 1531 1575
1530 1574 1575
1531 1532 1575
1532 1533 1576
1532 1575 1576
1533 1534 1577
1533 1576 1577
1534 1535 1578
1534 1577 1578
1535 1536 1579
1535 1578 1579
1536 1537 1580
1536 1579 1580
1537 1538 1581
1537 1580 1581
1538 1539 1582
1538 1581 1582
1539 1540 1582
1540 1541 1583
1540 1582 1583
1541 1542 1584
1541 1583 1584
1542 1543 1585
1542 1584 1585
1543 1544 1586
1543 1585 1586
1544 1545 1587
1544 1586 1587
1545 1546 1588
1545 1587 1588
1546 1547 1589
1546 1588 1589
1547 1548 1590
1547 1589 1590
1548 1549 1590
1549 1550 1591
1549 1590 1591
1550 1551 1592
1550 1591 1592
1551 1552 1593
1551 1592 1593
1552 1553 1594
1552 1593 1594
1553 1554 1595
1553 1594 1595
1554 1555 1596
1554 1595 1596
1555 1556 1596
1556 1557 1597
1556 1596 1597
1557 1558 1598
1557 1597 1598
1558 1559 1599
1558 1598 1599
1559 1560 1600
1559 1599 1600
1560 1561 1601
1560 1600 1601
1561 1562 1602
1561 1601 1602
1562 1563 1602
1563 1564 1603
1563 1602 1603
1564 1565 1604
1564 1603 1604
1565 1566 1605
1565 1604 1605
1566 1567 1606
1566 1605 1606
1567 1568 1607
1567 1606 1607
1568 1569 1607
1569 1570 1608
1569 1607 1608
1570 1571 1609
1570 1608 1609
1571 1572 1610
1571 1609 1610
1572 1573 1611
1572 1610 1611
1573 1574 1612
1573 1611 1612
1574 1575 1613
1574 1612 1613
1575 1576 1613
1576 1577 1614
1576 1613 1614
1577 1578 1615
1577 1614 1615
1578 1579 1616
1578 1615 1616
1579 1580 1617
1579 1616 1617
1580 1581 1618
1580 1617 1618
1581 1582 1619
1581 1618 1619
1582 1583 1619
1583 1584 1620
1583 1619 1650
1583 1620 1650
1584 1585 1621
1584 1620 1621
1585 1586 1622
1585 1621 1622
1586 1587 1623
1586 1622 1623
1587 1588 1624
1587 1623 1624
1588 1589 1625
1588 1624 1625
1589 1590 1625
1590 1591 1626
1590 1625 1626
1591 1592 1627
1591 1626 1627
1592 1593 1628
1592 1627 1628
1593 1594 1629
1593 1628 1629
1594 1595 1630
1594 1629 1630
1595 1596 1630
1596 1597 1631
1596 1630 1631
1597 1598 1632
1597 1631 1632
1598 1599 1633
1598 1632 1633
1599 1600 1634
1599 1633 1634
1600 1601 1635
1600 1634 1635
1601 1602 1636
1601 1635 1636
1602 1603 1636
1603 1604 1637
1603 1636 1637
1604 1605 1638
1604 1637 1638
1605 1606 1639
1605 1638 1639
1606 1607 1640
1606 1639 1640
1607 1608 1640
1608 1609 1641
1608 1640 1641
1609 1610 1642
1609 1641 1642
1610 1611 1643
1610 1642 1643
1611 1612 1644
1611 1643 1644
1612 1613 1645
1612 1644 1645
1613 1614 1646
1613 1645 1646
1614 1615 1646
1615 1616 1647
1615 1646 1647
1616 1617 1648
1616 1647 1648
1617 1618 1649
1617 1648 1649
1618 1619 1650
1618 1649 1650
1620 1621 1651
1620 1650 1651
1621 1622 1652
1621 1651 1652
1622 1623 1653
1622 1652 1653
1623 1624 1654
1623 1653 1654
1624 1625 1655
1624 1654 1655
1625 1626 1656
1625 1655 1656
1626 1627 1656
1627 1628 1657
1627 1656 1657
1628 1629 1658
1628 1657 1658
1629 1630 1659
1629 1658 1659
1630 1631 1659
1631 1632 1660
1631 1659 1660
1632 1633 1661
1632 1660 1661
1633 1634 1662
1633 1661 1662
1634 1635 1663
1634 1662 1663
1635 1636 1663
1636 1637 1664
1636 1663 1664
1637 1638 1665
1637 1664 1665
1638 1639 1666
1638 1665 1666
1639 1640 1667
1639 1666 1667
1640 1641 1668
1640 1667 1668
1641 1642 1668
1642 1643 1669
1642 1668 1669
1643 1644 1670
1643 1669 1670
1644 1645 1671
1644 1670 1671
1645 1646 1671
1646 1647 1672
1646 1671 1672
1647 1648 1673
1647 1672 1673
1648 1649 1674
1648 1673 1674
1649 1650 1675
1649 1674 1675
1650 1651 1675
1651 1652 1676
1651 1675 1676
1652 1653 1677
1652 1676 1677
1653 1654 1678
1653 1677 1678
1654 1655 1678
1655 1656 1679
1655 1678 1679
1656 1657 1680
1656 1679 1680
1657 1658 1681
1657 1680 1681
1658 1659 1681
1659 1660 1682
1659 1681 1682
1660 1661 1683
1660 1682 1683
1661 1662 1684
1661 1683 1684
1662 1663 1684
1663 1664 1685
1663 1684 1685
1664 1665 1686
1664 1685 1686
1665 1666 1686
1666 1667 1687
1666 1686 1687
1667 1668 1688
1667 1687 1688
1668 1669 1689
1668 1688 1689
1669 1670 1689
1670 1671 1690
1670 1689 1690
1671 1672 1691
1671 1690 1691
1672 1673 1692
1672 1691 1692
1673 1674 1692
1674 1675 1693
1674 1692 1693
1675 1676 1693
1676 1677 1694
1676 1693 1694
1677 1678 1695
1677 1694 1695
1678 1679 1696
1678 1695 1696
1679 1680 1696
1680 1681 1697
1680 1696 1697
1681 1682 1698
1681 1697 1698
1682 1683 1698
1683 1684 1699
1683 1698 1699
1684 1685 1700
1684 1699 1700
1685 1686 1700
1686 1687 1701
1686 1700 1701
1687 1688 1702
1687 1701 1702
1688 1689 1702
1689 1690 1703
1689 1702 1703
1690 1691 1704
1690 1703 1704
1691 1692 1704
1692 1693 1705
1692 1704 1705
1693 1694 1705
1694 1695 1706
1694 1705 1706
1695 1696 1707
1695 1706 1707
1696 1697 1707
1697 1698 1707
1698 1699 1708
1698 1707 1708
1699 1700 1708
1700 1701 1709
1700 1708 1709
1701 1702 1709
1702 1703 1710
1702 1709 1710
1703 1704 1710
1704 1705 1710
1705 1706 1710
