480
0 0.0000 0.0000 24.5000 0
1 24.4860 0.8280 0.0000 0
2 24.0443 4.7036 0.0000 0
3 23.6820 6.2781 0.0000 0
4 21.5802 11.5993 0.0000 0
5 20.0446 14.0877 0.0000 0
6 18.6631 15.8726 0.0000 0
7 15.7268 18.7861 0.0000 0
8 12.1430 21.2790 0.0000 0
9 7.8199 23.2185 0.0000 0
10 4.2529 24.1281 0.0000 0
11 2.7278 24.3477 0.0000 0
12 -3.0628 24.3078 0.0000 0
13 -6.6175 23.5894 0.0000 0
14 -8.9150 22.8204 0.0000 0
15 -12.9278 20.8116 0.0000 0
16 -14.5277 19.7281 0.0000 0
17 -17.8191 16.8146 0.0000 0
18 -20.8387 12.8841 0.0000 0
19 -22.3964 9.9323 0.0000 0
20 -23.7393 6.0578 0.0000 0
21 -24.2840 3.2458 0.0000 0
22 -24.4695 1.2212 0.0000 0
23 -24.0724 -4.5571 0.0000 0
24 -23.0496 -8.3045 0.0000 0
25 -21.8656 -11.0519 0.0000 0
26 -19.8531 -14.3563 0.0000 0
27 -17.5186 -17.1275 0.0000 0
28 -15.4962 -18.9768 0.0000 0
29 -11.8940 -21.4192 0.0000 0
30 -9.7505 -22.4762 0.0000 0
31 -4.9219 -24.0005 0.0000 0
32 -3.0565 -24.3086 0.0000 0
33 1.2451 -24.4683 0.0000 0
34 4.2815 -24.1230 0.0000 0
35 7.9560 -23.1722 0.0000 0
36 12.9795 -20.7794 0.0000 0
37 15.6729 -18.8311 0.0000 0
38 17.6290 -17.0138 0.0000 0
39 20.8863 -12.8068 0.0000 0
40 21.5149 -11.7201 0.0000 0
41 23.3635 -7.3754 0.0000 0
42 24.1779 -3.9594 0.0000 0
43 24.1183 0.6775 4.2544 0
44 23.7344 4.3391 4.2544 0
45 23.2787 6.3445 4.2544 0
46 21.7497 10.4451 4.2544 0
47 20.0132 13.4767 4.2544 0
48 17.4309 16.6828 4.2544 0
49 14.6221 19.1923 4.2544 0
50 11.4967 21.2126 4.2544 0
51 9.3444 22.2448 4.2544 0
52 4.9209 23.6206 4.2544 0
53 1.4082 24.0867 4.2544 0
54 -0.9435 24.1093 4.2544 0
55 -4.4169 23.7201 4.2544 0
56 -8.8110 22.4615 4.2544 0
57 -13.0653 20.2842 4.2544 0
58 -14.7228 19.1151 4.2544 0
59 -17.8342 16.2509 4.2544 0
60 -19.5298 14.1681 4.2544 0
61 -22.0089 9.8873 4.2544 0
62 -22.8639 7.7066 4.2544 0
63 -23.8606 3.5810 4.2544 0
64 -24.1224 -0.5080 4.2544 0
65 -23.6893 -4.5791 4.2544 0
66 -22.6833 -8.2230 4.2544 0
67 -21.6858 -10.5771 4.2544 0
68 -20.4401 -12.8200 4.2544 0
69 -18.2834 -15.7439 4.2544 0
70 -15.5222 -18.4719 4.2544 0
71 -11.3032 -21.3164 4.2544 0
72 -9.3955 -22.2233 4.2544 0
73 -4.5842 -23.6883 4.2544 0
74 -2.4550 -24.0026 4.2544 0
75 2.8932 -23.9537 4.2544 0
76 4.9950 -23.6051 4.2544 0
77 8.0897 -22.7312 4.2544 0
78 11.5097 -21.2056 4.2544 0
79 15.2738 -18.6778 4.2544 0
80 17.6405 -16.4610 4.2544 0
81 19.7196 -13.9028 4.2544 0
82 22.0913 -9.7018 4.2544 0
83 23.1191 -6.9036 4.2544 0
84 23.8769 -3.4705 4.2544 0
85 23.0000 1.0163 8.3795 0
86 22.8148 3.0852 8.3795 0
87 21.6939 7.7077 8.3795 0
88 20.2251 10.9990 8.3795 0
89 18.7953 13.2955 8.3795 0
90 16.1621 16.3958 8.3795 0
91 14.3545 17.9995 8.3795 0
92 11.4084 19.9970 8.3795 0
93 7.0429 21.9187 8.3795 0
94 2.9281 22.8355 8.3795 0
95 -1.0572 22.9982 8.3795 0
96 -2.7082 22.8626 8.3795 0
97 -7.2736 21.8433 8.3795 0
98 -10.3855 20.5469 8.3795 0
99 -12.5524 19.2995 8.3795 0
100 -15.9963 16.5576 8.3795 0
101 -18.1299 14.1895 8.3795 0
102 -20.8287 9.8081 8.3795 0
103 -21.7491 7.5504 8.3795 0
104 -22.7498 3.5328 8.3795 0
105 -23.0081 0.8146 8.3795 0
106 -22.6988 -3.8467 8.3795 0
107 -22.0672 -6.5628 8.3795 0
108 -20.3400 -10.7851 8.3795 0
109 -18.3508 -13.9026 8.3795 0
110 -15.8462 -16.7013 8.3795 0
111 -13.6296 -18.5545 8.3795 0
112 -11.3452 -20.0330 8.3795 0
113 -7.7394 -21.6826 8.3795 0
114 -2.6036 -22.8748 8.3795 0
115 -0.8469 -23.0069 8.3795 0
116 4.3834 -22.6013 8.3795 0
117 7.2031 -21.8666 8.3795 0
118 11.5143 -19.9363 8.3795 0
119 12.6875 -19.2110 8.3795 0
120 16.1803 -16.3778 8.3795 0
121 18.0462 -14.2958 8.3795 0
122 20.9994 -9.4370 8.3795 0
123 21.4927 -8.2521 8.3795 0
124 22.8342 -2.9384 8.3795 0
125 21.2058 0.7084 12.2500 0
126 20.7576 4.3944 12.2500 0
127 20.2955 6.1870 12.2500 0
128 18.6314 10.1518 12.2500 0
129 16.8396 12.9079 12.2500 0
130 13.5080 16.3622 12.2500 0
131 11.2547 17.9867 12.2500 0
132 7.0531 20.0110 12.2500 0
133 5.1620 20.5801 12.2500 0
134 1.4271 21.1696 12.2500 0
135 -1.9082 21.1316 12.2500 0
136 -5.4316 20.5106 12.2500 0
137 -10.2812 18.5603 12.2500 0
138 -12.7594 16.9525 12.2500 0
139 -15.3950 14.6007 12.2500 0
140 -17.1229 12.5298 12.2500 0
141 -19.6454 8.0153 12.2500 0
142 -20.6000 5.0822 12.2500 0
143 -21.1104 2.1308 12.2500 0
144 -21.1387 -1.8289 12.2500 0
145 -20.5871 -5.1339 12.2500 0
146 -19.7048 -7.8683 12.2500 0
147 -17.8976 -11.3957 12.2500 0
148 -15.8880 -14.0626 12.2500 0
149 -13.1771 -16.6298 12.2500 0
150 -10.0671 -18.6773 12.2500 0
151 -6.3894 -20.2327 12.2500 0
152 -3.6891 -20.8944 12.2500 0
153 1.7979 -21.1413 12.2500 0
154 5.4358 -20.5095 12.2500 0
155 7.8922 -19.6952 12.2500 0
156 11.1041 -18.0800 12.2500 0
157 13.7439 -16.1646 12.2500 0
158 17.0545 -12.6227 12.2500 0
159 18.3791 -10.6016 12.2500 0
160 19.6997 -7.8809 12.2500 0
161 21.0091 -2.9675 12.2500 0
162 18.7668 -0.2218 15.7483 0
163 18.5018 3.1504 15.7483 0
164 17.4125 7.0032 15.7483 0
165 16.0414 9.7423 15.7483 0
166 13.7842 12.7373 15.7483 0
167 9.6760 16.0815 15.7483 0
168 6.3261 17.6698 15.7483 0
169 3.5129 18.4364 15.7483 0
170 0.8854 18.7472 15.7483 0
171 -3.1367 18.5041 15.7483 0
172 -6.9084 17.4504 15.7483 0
173 -10.9580 15.2369 15.7483 0
174 -12.5640 13.9423 15.7483 0
175 -15.0758 11.1787 15.7483 0
176 -17.0737 7.7929 15.7483 0
177 -18.4636 3.3668 15.7483 0
178 -18.7623 -0.4662 15.7483 0
179 -18.3472 -3.9526 15.7483 0
180 -17.3770 -7.0909 15.7483 0
181 -15.5524 -10.5055 15.7483 0
182 -13.5576 -12.9781 15.7483 0
183 -10.0141 -15.8732 15.7483 0
184 -7.7563 -17.0904 15.7483 0
185 -3.2922 -18.4771 15.7483 0
186 -0.6367 -18.7573 15.7483 0
187 3.4016 -18.4573 15.7483 0
188 7.4151 -17.2412 15.7483 0
189 10.8910 -15.2849 15.7483 0
190 12.6619 -13.8534 15.7483 0
191 16.0684 -9.6979 15.7483 0
192 17.5441 -6.6667 15.7483 0
193 18.4023 -3.6875 15.7483 0
194 15.7479 -0.1071 18.7681 0
195 15.3440 3.5453 18.7681 0
196 14.2153 6.7774 18.7681 0
197 12.0548 10.1337 18.7681 0
198 9.3898 12.6428 18.7681 0
199 5.7472 14.6621 18.7681 0
200 2.2486 15.5869 18.7681 0
201 -1.1561 15.7058 18.7681 0
202 -4.3221 15.1436 18.7681 0
203 -8.3203 13.3709 18.7681 0
204 -10.8469 11.4172 18.7681 0
205 -13.0189 8.8610 18.7681 0
206 -15.0331 4.6919 18.7681 0
207 -15.7022 1.2036 18.7681 0
208 -15.6319 -1.9114 18.7681 0
209 -14.7274 -5.5779 18.7681 0
210 -13.0771 -8.7749 18.7681 0
211 -11.1568 -11.1146 18.7681 0
212 -8.1598 -13.4695 18.7681 0
213 -4.5631 -15.0727 18.7681 0
214 -1.3645 -15.6891 18.7681 0
215 3.2988 -15.3989 18.7681 0
216 5.7665 -14.6546 18.7681 0
217 9.0333 -12.9000 18.7681 0
218 11.7032 -10.5377 18.7681 0
219 13.8633 -7.4711 18.7681 0
220 15.2987 -3.7362 18.7681 0
221 12.2474 -0.2544 21.2176 0
222 11.4617 4.3235 21.2176 0
223 9.9654 7.1241 21.2176 0
224 7.5394 9.6550 21.2176 0
225 3.2632 11.8074 21.2176 0
226 -0.6459 12.2330 21.2176 0
227 -3.7071 11.6756 21.2176 0
228 -6.7701 10.2092 21.2176 0
229 -9.7154 7.4614 21.2176 0
230 -11.6119 3.9022 21.2176 0
231 -12.2493 -0.1278 21.2176 0
232 -11.7454 -3.4796 21.2176 0
233 -9.8284 -7.3120 21.2176 0
234 -6.9683 -10.0750 21.2176 0
235 -4.1401 -11.5292 21.2176 0
236 -0.5152 -12.2392 21.2176 0
237 3.5241 -11.7322 21.2176 0
238 7.0015 -10.0520 21.2176 0
239 9.8501 -7.2828 21.2176 0
240 11.6537 -3.7754 21.2176 0
241 8.3715 -0.3656 23.0225 0
242 7.6382 3.4458 23.0225 0
243 5.0143 6.7136 23.0225 0
244 2.2671 8.0670 23.0225 0
245 -2.2315 8.0769 23.0225 0
246 -5.3819 6.4227 23.0225 0
247 -7.5453 3.6448 23.0225 0
248 -8.3792 -0.0693 23.0225 0
249 -7.6473 -3.4255 23.0225 0
250 -5.2529 -6.5287 23.0225 0
251 -1.4642 -8.2506 23.0225 0
252 1.9049 -8.1601 23.0225 0
253 5.2391 -6.5397 23.0225 0
254 7.4439 -3.8476 23.0225 0
255 4.2544 -0.0054 24.1278 0
256 2.0746 3.7143 24.1278 0
257 -2.2023 3.6400 24.1278 0
258 -4.2541 0.0509 24.1278 0
259 -2.1829 -3.6517 24.1278 0
260 2.3297 -3.5598 24.1278 0
261 0.0000 0.0000 -24.5000 0
262 24.1183 0.6775 -4.2544 0
263 23.7344 4.3391 -4.2544 0
264 23.2787 6.3445 -4.2544 0
265 21.7497 10.4451 -4.2544 0
266 20.0132 13.4767 -4.2544 0
267 17.4309 16.6828 -4.2544 0
268 14.6221 19.1923 -4.2544 0
269 11.4967 21.2126 -4.2544 0
270 9.3444 22.2448 -4.2544 0
271 4.9209 23.6206 -4.2544 0
272 1.4082 24.0867 -4.2544 0
273 -0.9435 24.1093 -4.2544 0
274 -4.4169 23.7201 -4.2544 0
275 -8.8110 22.4615 -4.2544 0
276 -13.0653 20.2842 -4.2544 0
277 -14.7228 19.1151 -4.2544 0
278 -17.8342 16.2509 -4.2544 0
279 -19.5298 14.1681 -4.2544 0
280 -22.0089 9.8873 -4.2544 0
281 -22.8639 7.7066 -4.2544 0
282 -23.8606 3.5810 -4.2544 0
283 -24.1224 -0.5080 -4.2544 0
284 -23.6893 -4.5791 -4.2544 0
285 -22.6833 -8.2230 -4.2544 0
286 -21.6858 -10.5771 -4.2544 0
287 -20.4401 -12.8200 -4.2544 0
288 -18.2834 -15.7439 -4.2544 0
289 -15.5222 -18.4719 -4.2544 0
290 -11.3032 -21.3164 -4.2544 0
291 -9.3955 -22.2233 -4.2544 0
292 -4.5842 -23.6883 -4.2544 0
293 -2.4550 -24.0026 -4.2544 0
294 2.8932 -23.9537 -4.2544 0
295 4.9950 -23.6051 -4.2544 0
296 8.0897 -22.7312 -4.2544 0
297 11.5097 -21.2056 -4.2544 0
298 15.2738 -18.6778 -4.2544 0
299 17.6405 -16.4610 -4.2544 0
300 19.7196 -13.9028 -4.2544 0
301 22.0913 -9.7018 -4.2544 0
302 23.1191 -6.9036 -4.2544 0
303 23.8769 -3.4705 -4.2544 0
304 23.0000 1.0163 -8.3795 0
305 22.8148 3.0852 -8.3795 0
306 21.6939 7.7077 -8.3795 0
307 20.2251 10.9990 -8.3795 0
308 18.7953 13.2955 -8.3795 0
309 16.1621 16.3958 -8.3795 0
310 14.3545 17.9995 -8.3795 0
311 11.4084 19.9970 -8.3795 0
312 7.0429 21.9187 -8.3795 0
313 2.9281 22.8355 -8.3795 0
314 -1.0572 22.9982 -8.3795 0
315 -2.7082 22.8626 -8.3795 0
316 -7.2736 21.8433 -8.3795 0
317 -10.3855 20.5469 -8.3795 0
318 -12.5524 19.2995 -8.3795 0
319 -15.9963 16.5576 -8.3795 0
320 -18.1299 14.1895 -8.3795 0
321 -20.8287 9.8081 -8.3795 0
322 -21.7491 7.5504 -8.3795 0
323 -22.7498 3.5328 -8.3795 0
324 -23.0081 0.8146 -8.3795 0
325 -22.6988 -3.8467 -8.3795 0
326 -22.0672 -6.5628 -8.3795 0
327 -20.3400 -10.7851 -8.3795 0
328 -18.3508 -13.9026 -8.3795 0
329 -15.8462 -16.7013 -8.3795 0
330 -13.6296 -18.5545 -8.3795 0
331 -11.3452 -20.0330 -8.3795 0
332 -7.7394 -21.6826 -8.3795 0
333 -2.6036 -22.8748 -8.3795 0
334 -0.8469 -23.0069 -8.3795 0
335 4.3834 -22.6013 -8.3795 0
336 7.2031 -21.8666 -8.3795 0
337 11.5143 -19.9363 -8.3795 0
338 12.6875 -19.2110 -8.3795 0
339 16.1803 -16.3778 -8.3795 0
340 18.0462 -14.2958 -8.3795 0
341 20.9994 -9.4370 -8.3795 0
342 21.4927 -8.2521 -8.3795 0
343 22.8342 -2.9384 -8.3795 0
344 21.2058 0.7084 -12.2500 0
345 20.7576 4.3944 -12.2500 0
346 20.2955 6.1870 -12.2500 0
347 18.6314 10.1518 -12.2500 0
348 16.8396 12.9079 -12.2500 0
349 13.5080 16.3622 -12.2500 0
350 11.2547 17.9867 -12.2500 0
351 7.0531 20.0110 -12.2500 0
352 5.1620 20.5801 -12.2500 0
353 1.4271 21.1696 -12.2500 0
354 -1.9082 21.1316 -12.2500 0
355 -5.4316 20.5106 -12.2500 0
356 -10.2812 18.5603 -12.2500 0
357 -12.7594 16.9525 -12.2500 0
358 -15.3950 14.6007 -12.2500 0
359 -17.1229 12.5298 -12.2500 0
360 -19.6454 8.0153 -12.2500 0
361 -20.6000 5.0822 -12.2500 0
362 -21.1104 2.1308 -12.2500 0
363 -21.1387 -1.8289 -12.2500 0
364 -20.5871 -5.1339 -12.2500 0
365 -19.7048 -7.8683 -12.2500 0
366 -17.8976 -11.3957 -12.2500 0
367 -15.8880 -14.0626 -12.2500 0
368 -13.1771 -16.6298 -12.2500 0
369 -10.0671 -18.6773 -12.2500 0
370 -6.3894 -20.2327 -12.2500 0
371 -3.6891 -20.8944 -12.2500 0
372 1.7979 -21.1413 -12.2500 0
373 5.4358 -20.5095 -12.2500 0
374 7.8922 -19.6952 -12.2500 0
375 11.1041 -18.0800 -12.2500 0
376 13.7439 -16.1646 -12.2500 0
377 17.0545 -12.6227 -12.2500 0
378 18.3791 -10.6016 -12.2500 0
379 19.6997 -7.8809 -12.2500 0
380 21.0091 -2.9675 -12.2500 0
381 18.7668 -0.2218 -15.7483 0
382 18.5018 3.1504 -15.7483 0
383 17.4125 7.0032 -15.7483 0
384 16.0414 9.7423 -15.7483 0
385 13.7842 12.7373 -15.7483 0
386 9.6760 16.0815 -15.7483 0
387 6.3261 17.6698 -15.7483 0
388 3.5129 18.4364 -15.7483 0
389 0.8854 18.7472 -15.7483 0
390 -3.1367 18.5041 -15.7483 0
391 -6.9084 17.4504 -15.7483 0
392 -10.9580 15.2369 -15.7483 0
393 -12.5640 13.9423 -15.7483 0
394 -15.0758 11.1787 -15.7483 0
395 -17.0737 7.7929 -15.7483 0
396 -18.4636 3.3668 -15.7483 0
397 -18.7623 -0.4662 -15.7483 0
398 -18.3472 -3.9526 -15.7483 0
399 -17.3770 -7.0909 -15.7483 0
400 -15.5524 -10.5055 -15.7483 0
401 -13.5576 -12.9781 -15.7483 0
402 -10.0141 -15.8732 -15.7483 0
403 -7.7563 -17.0904 -15.7483 0
404 -3.2922 -18.4771 -15.7483 0
405 -0.6367 -18.7573 -15.7483 0
406 3.4016 -18.4573 -15.7483 0
407 7.4151 -17.2412 -15.7483 0
408 10.8910 -15.2849 -15.7483 0
409 12.6619 -13.8534 -15.7483 0
410 16.0684 -9.6979 -15.7483 0
411 17.5441 -6.6667 -15.7483 0
412 18.4023 -3.6875 -15.7483 0
413 15.7479 -0.1071 -18.7681 0
414 15.3440 3.5453 -18.7681 0
415 14.2153 6.7774 -18.7681 0
416 12.0548 10.1337 -18.7681 0
417 9.3898 12.6428 -18.7681 0
418 5.7472 14.6621 -18.7681 0
419 2.2486 15.5869 -18.7681 0
420 -1.1561 15.7058 -18.7681 0
421 -4.3221 15.1436 -18.7681 0
422 -8.3203 13.3709 -18.7681 0
423 -10.8469 11.4172 -18.7681 0
424 -13.0189 8.8610 -18.7681 0
425 -15.0331 4.6919 -18.7681 0
426 -15.7022 1.2036 -18.7681 0
427 -15.6319 -1.9114 -18.7681 0
428 -14.7274 -5.5779 -18.7681 0
429 -13.0771 -8.7749 -18.7681 0
430 -11.1568 -11.1146 -18.7681 0
431 -8.1598 -13.4695 -18.7681 0
432 -4.5631 -15.0727 -18.7681 0
433 -1.3645 -15.6891 -18.7681 0
434 3.2988 -15.3989 -18.7681 0
435 5.7665 -14.6546 -18.7681 0
436 9.0333 -12.9000 -18.7681 0
437 11.7032 -10.5377 -18.7681 0
438 13.8633 -7.4711 -18.7681 0
439 15.2987 -3.7362 -18.7681 0
440 12.2474 -0.2544 -21.2176 0
441 11.4617 4.3235 -21.2176 0
442 9.9654 7.1241 -21.2176 0
443 7.5394 9.6550 -21.2176 0
444 3.2632 11.8074 -21.2176 0
445 -0.6459 12.2330 -21.2176 0
446 -3.7071 11.6756 -21.2176 0
447 -6.7701 10.2092 -21.2176 0
448 -9.7154 7.4614 -21.2176 0
449 -11.6119 3.9022 -21.2176 0
450 -12.2493 -0.1278 -21.2176 0
451 -11.7454 -3.4796 -21.2176 0
452 -9.8284 -7.3120 -21.2176 0
453 -6.9683 -10.0750 -21.2176 0
454 -4.1401 -11.5292 -21.2176 0
455 -0.5152 -12.2392 -21.2176 0
456 3.5241 -11.7322 -21.2176 0
457 7.0015 -10.0520 -21.2176 0
458 9.8501 -7.2828 -21.2176 0
459 11.6537 -3.7754 -21.2176 0
460 8.3715 -0.3656 -23.0225 0
461 7.6382 3.4458 -23.0225 0
462 5.0143 6.7136 -23.0225 0
463 2.2671 8.0670 -23.0225 0
464 -2.2315 8.0769 -23.0225 0
465 -5.3819 6.4227 -23.0225 0
466 -7.5453 3.6448 -23.0225 0
467 -8.3792 -0.0693 -23.0225 0
468 -7.6473 -3.4255 -23.0225 0
469 -5.2529 -6.5287 -23.0225 0
470 -1.4642 -8.2506 -23.0225 0
471 1.9049 -8.1601 -23.0225 0
472 5.2391 -6.5397 -23.0225 0
473 7.4439 -3.8476 -23.0225 0
474 4.2544 -0.0054 -24.1278 0
475 2.0746 3.7143 -24.1278 0
476 -2.2023 3.6400 -24.1278 0
477 -4.2541 0.0509 -24.1278 0
478 -2.1829 -3.6517 -24.1278 0
479 2.3297 -3.5598 -24.1278 0
956
0 255 256
0 255 260
0 256 257
0 257 258
0 258 259
0 259 260
1 2 44
1 2 263
1 42 84
1 42 303
1 43 44
1 43 84
1 262 263
1 262 303
2 3 45
2 3 264
2 44 45
2 263 264
3 4 46
3 4 265
3 45 46
3 264 265
4 5 47
4 5 266
4 46 47
4 265 266
5 6 47
5 6 266
6 7 48
6 7 267
6 47 48
6 266 267
7 8 49
7 8 268
7 48 49
7 267 268
8 9 51
8 9 270
8 49 50
8 50 51
8 268 269
8 269 270
9 10 52
9 10 271
9 51 52
9 270 271
10 11 52
10 11 271
11 12 54
11 12 273
11 52 53
11 53 54
11 271 272
11 272 273
12 13 55
12 13 274
12 54 55
12 273 274
13 14 56
13 14 275
13 55 56
13 274 275
14 15 56
14 15 275
15 16 57
15 16 276
15 56 57
15 275 276
16 17 58
16 17 277
16 57 58
16 276 277
17 18 60
17 18 279
17 58 59
17 59 60
17 277 278
17 278 279
18 19 61
18 19 280
18 60 61
18 279 280
19 20 62
19 20 281
19 61 62
19 280 281
20 21 63
20 21 282
20 62 63
20 281 282
21 22 63
21 22 282
22 23 64
22 23 283
22 63 64
22 282 283
23 24 65
23 24 284
23 64 65
23 283 284
24 25 67
24 25 286
24 65 66
24 66 67
24 284 285
24 285 286
25 26 68
25 26 287
25 67 68
25 286 287
26 27 69
26 27 288
26 68 69
26 287 288
27 28 70
27 28 289
27 69 70
27 288 289
28 29 70
28 29 289
29 30 71
29 30 290
29 70 71
29 289 290
30 31 72
30 31 291
30 71 72
30 290 291
31 32 73
31 32 292
31 72 73
31 291 292
32 33 74
32 33 293
32 73 74
32 292 293
33 34 75
33 34 294
33 74 75
33 293 294
34 35 76
34 35 295
34 75 76
34 294 295
35 36 78
35 36 297
35 76 77
35 77 78
35 295 296
35 296 297
36 37 79
36 37 298
36 78 79
36 297 298
37 38 79
37 38 298
38 39 81
38 39 300
38 79 80
38 80 81
38 298 299
38 299 300
39 40 81
39 40 300
40 41 82
40 41 301
40 81 82
40 300 301
41 42 83
41 42 302
41 82 83
41 301 302
42 83 84
42 302 303
43 44 86
43 84 124
43 85 86
43 85 124
44 45 86
45 46 87
45 86 87
46 47 88
46 87 88
47 48 89
47 88 89
48 49 90
48 89 90
49 50 92
49 90 91
49 91 92
50 51 92
51 52 93
51 92 93
52 53 94
52 93 94
53 54 95
53 94 95
54 55 96
54 95 96
55 56 97
55 96 97
56 57 98
56 97 98
57 58 99
57 98 99
58 59 100
58 99 100
59 60 101
59 100 101
60 61 102
60 101 102
61 62 103
61 102 103
62 63 104
62 103 104
63 64 105
63 104 105
64 65 106
64 105 106
65 66 107
65 106 107
66 67 108
66 107 108
67 68 108
68 69 109
68 108 109
69 70 110
69 109 110
70 71 111
70 110 111
71 72 112
71 111 112
72 73 113
72 112 113
73 74 114
73 113 114
74 75 115
74 114 115
75 76 116
75 115 116
76 77 117
76 116 117
77 78 117
78 79 119
78 117 118
78 118 119
79 80 120
79 119 120
80 81 121
80 120 121
81 82 122
81 121 122
82 83 123
82 122 123
83 84 124
83 123 124
85 86 125
85 124 125
86 87 126
86 125 126
87 88 128
87 126 127
87 127 128
88 89 128
89 90 129
89 128 129
90 91 130
90 129 130
91 92 131
91 130 131
92 93 132
92 131 132
93 94 133
93 132 133
94 95 134
94 133 134
95 96 135
95 134 135
96 97 136
96 135 136
97 98 137
97 136 137
98 99 137
99 100 138
99 137 138
100 101 139
100 138 139
101 102 140
101 139 140
102 103 141
102 140 141
103 104 142
103 141 142
104 105 143
104 142 143
105 106 144
105 143 144
106 107 145
106 144 145
107 108 146
107 145 146
108 109 147
108 146 147
109 110 148
109 147 148
110 111 149
110 148 149
111 112 150
111 149 150
112 113 150
113 114 152
113 150 151
113 151 152
114 115 152
115 116 153
115 152 153
116 117 154
116 153 154
117 118 155
117 154 155
118 119 156
118 155 156
119 120 157
119 156 157
120 121 158
120 157 158
121 122 159
121 158 159
122 123 160
122 159 160
123 124 161
123 160 161
124 125 161
125 126 163
125 161 162
125 162 163
126 127 163
127 128 164
127 163 164
128 129 165
128 164 165
129 130 166
129 165 166
130 131 167
130 166 167
131 132 167
132 133 168
132 167 168
133 134 169
133 168 169
134 135 170
134 169 170
135 136 171
135 170 171
136 137 172
136 171 172
137 138 173
137 172 173
138 139 174
138 173 174
139 140 175
139 174 175
140 141 176
140 175 176
141 142 176
142 143 177
142 176 177
143 144 178
143 177 178
144 145 179
144 178 179
145 146 180
145 179 180
146 147 180
147 148 181
147 180 181
148 149 182
148 181 182
149 150 183
149 182 183
150 151 184
150 183 184
151 152 185
151 184 185
152 153 186
152 185 186
153 154 187
153 186 187
154 155 188
154 187 188
155 156 188
156 157 189
156 188 189
157 158 190
157 189 190
158 159 191
158 190 191
159 160 192
159 191 192
160 161 193
160 192 193
161 162 193
162 163 194
162 193 194
163 164 195
163 194 195
164 165 196
164 195 196
165 166 197
165 196 197
166 167 198
166 197 198
167 168 199
167 198 199
168 169 199
169 170 200
169 199 200
170 171 201
170 200 201
171 172 202
171 201 202
172 173 203
172 202 203
173 174 204
173 203 204
174 175 204
175 176 205
175 204 205
176 177 206
176 205 206
177 178 207
177 206 207
178 179 208
178 207 208
179 180 209
179 208 209
180 181 210
180 209 210
181 182 210
182 183 211
182 210 211
183 184 212
183 211 212
184 185 213
184 212 213
185 186 214
185 213 214
186 187 215
186 214 215
187 188 216
187 215 216
188 189 217
188 216 217
189 190 217
190 191 218
190 217 218
191 192 219
191 218 219
192 193 220
192 219 220
193 194 220
194 195 221
194 220 221
195 196 222
195 221 222
196 197 223
196 222 223
197 198 224
197 223 224
198 199 224
199 200 225
199 224 225
200 201 226
200 225 226
201 202 226
202 203 227
202 226 227
203 204 228
203 227 228
204 205 229
204 228 229
205 206 230
205 229 230
206 207 230
207 208 231
207 230 231
208 209 232
208 231 232
209 210 233
209 232 233
210 211 233
211 212 234
211 233 234
212 213 235
212 234 235
213 214 236
213 235 236
214 215 236
215 216 237
215 236 237
216 217 238
216 237 238
217 218 238
218 219 239
218 238 239
219 220 240
219 239 240
220 221 240
221 222 241
221 240 241
222 223 242
222 241 242
223 224 243
223 242 243
224 225 243
225 226 244
225 243 244
226 227 245
226 244 245
227 228 245
228 229 246
228 245 246
229 230 247
229 246 247
230 231 248
230 247 248
231 232 248
232 233 249
232 248 249
233 234 250
233 249 250
234 235 250
235 236 251
235 250 251
236 237 252
236 251 252
237 238 252
238 239 253
238 252 253
239 240 254
239 253 254
240 241 254
241 242 255
241 254 255
242 243 256
242 255 256
243 244 256
244 245 256
245 246 257
245 256 257
246 247 257
247 248 258
247 257 258
248 249 258
249 250 259
249 258 259
250 251 259
251 252 260
251 259 260
252 253 260
253 254 260
254 255 260
261 474 475
261 474 479
261 475 476
261 476 477
261 477 478
261 478 479
262 263 305
262 303 343
262 304 305
262 304 343
263 264 305
264 265 306
264 305 306
265 266 307
265 306 307
266 267 308
266 307 308
267 268 309
267 308 309
268 269 311
268 309 310
268 310 311
269 270 311
270 271 312
270 311 312
271 272 313
271 312 313
272 273 314
272 313 314
273 274 315
273 314 315
274 275 316
274 315 316
275 276 317
275 316 317
276 277 318
276 317 318
277 278 319
277 318 319
278 279 320
278 319 320
279 280 321
279 320 321
280 281 322
280 321 322
281 282 323
281 322 323
282 283 324
282 323 324
283 284 325
283 324 325
284 285 326
284 325 326
285 286 327
285 326 327
286 287 327
287 288 328
287 327 328
288 289 329
288 328 329
289 290 330
289 329 330
290 291 331
290 330 331
291 292 332
291 331 332
292 293 333
292 332 333
293 294 334
293 333 334
294 295 335
294 334 335
295 296 336
295 335 336
296 297 336
297 298 338
297 336 337
297 337 338
298 299 339
298 338 339
299 300 340
299 339 340
300 301 341
300 340 341
301 302 342
301 341 342
302 303 343
302 342 343
304 305 344
304 343 344
305 306 345
305 344 345
306 307 347
306 345 346
306 346 347
307 308 347
308 309 348
308 347 348
309 310 349
309 348 349
310 311 350
310 349 350
311 312 351
311 350 351
312 313 352
312 351 352
313 314 353
313 352 353
314 315 354
314 353 354
315 316 355
315 354 355
316 317 356
316 355 356
317 318 356
318 319 357
318 356 357
319 320 358
319 357 358
320 321 359
320 358 359
321 322 360
321 359 360
322 323 361
322 360 361
323 324 362
323 361 362
324 325 363
324 362 363
325 326 364
325 363 364
326 327 365
326 364 365
327 328 366
327 365 366
328 329 367
328 366 367
329 330 368
329 367 368
330 331 369
330 368 369
331 332 369
332 333 371
332 369 370
332 370 371
333 334 371
334 335 372
334 371 372
335 336 373
335 372 373
336 337 374
336 373 374
337 338 375
337 374 375
338 339 376
338 375 376
339 340 377
339 376 377
340 341 378
340 377 378
341 342 379
341 378 379
342 343 380
342 379 380
343 344 380
344 345 382
344 380 381
344 381 382
345 346 382
346 347 383
346 382 383
347 348 384
347 383 384
348 349 385
348 384 385
349 350 386
349 385 386
350 351 386
351 352 387
351 386 387
352 353 388
352 387 388
353 354 389
353 388 389
354 355 390
354 389 390
355 356 391
355 390 391
356 357 392
356 391 392
357 358 393
357 392 393
358 359 394
358 393 394
359 360 395
359 394 395
360 361 395
361 362 396
361 395 396
362 363 397
362 396 397
363 364 398
363 397 398
364 365 399
364 398 399
365 366 399
366 367 400
366 399 400
367 368 401
367 400 401
368 369 402
368 401 402
369 370 403
369 402 403
370 371 404
370 403 404
371 372 405
371 404 405
372 373 406
372 405 406
373 374 407
373 406 407
374 375 407
375 376 408
375 407 408
376 377 409
376 408 409
377 378 410
377 409 410
378 379 411
378 410 411
379 380 412
379 411 412
380 381 412
381 382 413
381 412 413
382 383 414
382 413 414
383 384 415
383 414 415
384 385 416
384 415 416
385 386 417
385 416 417
386 387 418
386 417 418
387 388 418
388 389 419
388 418 419
389 390 420
389 419 420
390 391 421
390 420 421
391 392 422
391 421 422
392 393 423
392 422 423
393 394 423
394 395 424
394 423 424
395 396 425
395 424 425
396 397 426
396 425 426
397 398 427
397 426 427
398 399 428
398 427 428
399 400 429
399 428 429
400 401 429
401 402 430
401 429 430
402 403 431
402 430 431
403 404 432
403 431 432
404 405 433
404 432 433
405 406 434
405 433 434
406 407 435
406 434 435
407 408 436
407 435 436
408 409 436
409 410 437
409 436 437
410 411 438
410 437 438
411 412 439
411 438 439
412 413 439
413 414 440
413 439 440
414 415 441
414 440 441
415 416 442
415 441 442
416 417 443
416 442 443
417 418 443
418 419 444
418 443 444
419 420 445
419 444 445
420 421 445
421 422 446
421 445 446
422 423 447
422 446 447
423 424 448
423 447 448
424 425 449
424 448 449
425 426 449
426 427 450
426 449 450
427 428 451
427 450 451
428 429 452
428 451 452
429 430 452
430 431 453
430 452 453
431 432 454
431 453 454
432 433 455
432 454 455
433 434 455
434 435 456
434 455 456
435 436 457
435 456 457
436 437 457
437 438 458
437 457 458
438 439 459
438 458 459
439 440 459
440 441 460
440 459 460
441 442 461
441 460 461
442 443 462
442 461 462
443 444 462
444 445 463
444 462 463
445 446 464
445 463 464
446 447 464
447 448 465
447 464 465
448 449 466
448 465 466
449 450 467
449 466 467
450 451 467
451 452 468
451 467 468
452 453 469
452 468 469
453 454 469
454 455 470
454 469 470
455 456 471
455 470 471
456 457 471
457 458 472
457 471 472
458 459 473
458 472 473
459 460 473
460 461 474
460 473 474
461 462 475
461 474 475
462 463 475
463 464 475
464 465 476
464 475 476
465 466 476
466 467 477
466 476 477
467 468 477
468 469 478
468 477 478
469 470 478
470 471 479
470 478 479
471 472 479
472 473 479
473 474 479
