768
0 0.0000 0.0000 100.0000 1
1 100.0000 0.0000 0.0000 1
2 0.0000 100.0000 0.0000 1
3 99.8795 4.9068 0.0000 1
4 99.5185 9.8017 0.0000 1
5 98.9177 14.6730 0.0000 1
6 98.0785 19.5090 0.0000 1
7 97.0031 24.2980 0.0000 1
8 95.6940 29.0285 0.0000 1
9 94.1544 33.6890 0.0000 1
10 92.3880 38.2683 0.0000 1
11 90.3989 42.7555 0.0000 1
12 88.1921 47.1397 0.0000 1
13 85.7729 51.4103 0.0000 1
14 83.1470 55.5570 0.0000 1
15 80.3208 59.5699 0.0000 1
16 77.3010 63.4393 0.0000 1
17 74.0951 67.1559 0.0000 1
18 70.7107 70.7107 0.0000 1
19 67.1559 74.0951 0.0000 1
20 63.4393 77.3010 0.0000 1
21 59.5699 80.3208 0.0000 1
22 55.5570 83.1470 0.0000 1
23 51.4103 85.7729 0.0000 1
24 47.1397 88.1921 0.0000 1
25 42.7555 90.3989 0.0000 1
26 38.2683 92.3880 0.0000 1
27 33.6890 94.1544 0.0000 1
28 29.0285 95.6940 0.0000 1
29 24.2980 97.0031 0.0000 1
30 19.5090 98.0785 0.0000 1
31 14.6730 98.9177 0.0000 1
32 9.8017 99.5185 0.0000 1
33 4.9068 99.8795 0.0000 1
34 99.8795 0.0000 4.9068 1
35 99.5185 0.0000 9.8017 1
36 98.9177 0.0000 14.6730 1
37 98.0785 0.0000 19.5090 1
38 97.0031 0.0000 24.2980 1
39 95.6940 0.0000 29.0285 1
40 94.1544 0.0000 33.6890 1
41 92.3880 0.0000 38.2683 1
42 90.3989 0.0000 42.7555 1
43 88.1921 0.0000 47.1397 1
44 85.7729 0.0000 51.4103 1
45 83.1470 0.0000 55.5570 1
46 80.3208 0.0000 59.5699 1
47 77.3010 0.0000 63.4393 1
48 74.0951 0.0000 67.1559 1
49 70.7107 0.0000 70.7107 1
50 67.1559 0.0000 74.0951 1
51 63.4393 0.0000 77.3010 1
52 59.5699 0.0000 80.3208 1
53 55.5570 0.0000 83.1470 1
54 51.4103 0.0000 85.7729 1
55 47.1397 0.0000 88.1921 1
56 42.7555 0.0000 90.3989 1
57 38.2683 0.0000 92.3880 1
58 33.6890 0.0000 94.1544 1
59 29.0285 0.0000 95.6940 1
60 24.2980 0.0000 97.0031 1
61 19.5090 0.0000 98.0785 1
62 14.6730 0.0000 98.9177 1
63 9.8017 0.0000 99.5185 1
64 4.9068 0.0000 99.8795 1
65 0.0000 99.8795 4.9068 1
66 0.0000 99.5185 9.8017 1
67 0.0000 98.9177 14.6730 1
68 0.0000 98.0785 19.5090 1
69 0.0000 97.0031 24.2980 1
70 0.0000 95.6940 29.0285 1
71 0.0000 94.1544 33.6890 1
72 0.0000 92.3880 38.2683 1
73 0.0000 90.3989 42.7555 1
74 0.0000 88.1921 47.1397 1
75 0.0000 85.7729 51.4103 1
76 0.0000 83.1470 55.5570 1
77 0.0000 80.3208 59.5699 1
78 0.0000 77.3010 63.4393 1
79 0.0000 74.0951 67.1559 1
80 0.0000 70.7107 70.7107 1
81 0.0000 67.1559 74.0951 1
82 0.0000 63.4393 77.3010 1
83 0.0000 59.5699 80.3208 1
84 0.0000 55.5570 83.1470 1
85 0.0000 51.4103 85.7729 1
86 0.0000 47.1397 88.1921 1
87 0.0000 42.7555 90.3989 1
88 0.0000 38.2683 92.3880 1
89 0.0000 33.6890 94.1544 1
90 0.0000 29.0285 95.6940 1
91 0.0000 24.2980 97.0031 1
92 0.0000 19.5090 98.0785 1
93 0.0000 14.6730 98.9177 1
94 0.0000 9.8017 99.5185 1
95 0.0000 4.9068 99.8795 1
96 77.1005 60.5843 19.6228 0
97 20.4869 20.5138 95.7051 0
98 21.3059 51.2868 83.1608 0
99 44.5607 89.4087 4.5195 0
100 52.8133 17.1479 83.1667 0
101 76.8283 51.2924 38.2949 0
102 7.4751 28.0010 95.7082 0
103 94.6734 13.5747 29.2008 0
104 54.5110 45.0952 70.6752 0
105 21.0518 42.1670 88.1973 0
106 19.6385 14.2551 97.0109 0
107 66.5917 73.0619 15.0834 0
108 36.0672 90.0406 24.3280 0
109 54.0578 12.9676 83.1240 0
110 46.9042 4.3318 88.2113 0
111 47.5062 79.2837 38.1741 0
112 68.6160 58.9054 42.6849 0
113 99.7363 4.6404 5.5793 0
114 90.2924 4.6277 42.7301 0
115 48.0862 71.0266 51.4096 0
116 80.5317 35.9155 47.1670 0
117 40.5542 31.5873 85.7764 0
118 19.0943 27.7550 94.1545 0
119 19.1118 33.0947 92.4093 0
120 3.8329 24.0263 96.9951 0
121 81.5674 52.4061 24.5025 0
122 59.7149 72.7713 33.7413 0
123 17.1448 52.7915 83.1812 0
124 94.6900 31.7469 5.0923 0
125 83.8549 27.2050 47.2043 0
126 91.3105 22.8902 33.7406 0
127 87.0802 13.7647 47.1972 0
128 30.4309 55.7136 77.2655 0
129 87.2726 48.5741 4.9039 0
130 92.8063 35.9960 9.5535 0
131 98.5465 13.7121 10.0281 0
132 64.6081 42.5205 63.3861 0
133 8.6778 54.8352 83.1733 0
134 35.6991 92.2747 14.5243 0
135 93.1336 36.0507 5.1464 0
136 98.1542 18.3731 5.3084 0
137 96.9199 4.6141 24.1916 0
138 58.6527 71.4290 38.1806 0
139 27.6044 94.1378 19.3927 0
140 92.2436 4.5754 38.3429 0
141 59.9909 76.2916 24.0973 0
142 31.4077 93.7836 14.7717 0
143 22.8413 85.2369 47.0420 0
144 8.8863 73.5336 67.1852 0
145 23.0748 7.5505 97.0080 0
146 17.1424 17.1385 97.0176 0
147 51.3425 21.2573 83.1389 0
148 77.9402 55.5390 28.9956 0
149 80.4590 51.6928 29.2267 0
150 58.3715 45.7036 67.1115 0
151 18.6107 96.2750 19.6156 0
152 44.9917 32.6702 83.1168 0
153 65.3200 65.2899 38.3474 0
154 73.9414 47.9884 47.2205 0
155 55.8542 81.6178 14.7932 0
156 79.0599 56.2893 24.1048 0
157 4.4805 63.3139 77.2741 0
158 58.8596 8.9097 80.3502 0
159 95.2946 23.1606 19.5581 0
160 6.6747 18.3303 98.0788 0
161 78.9332 59.5952 14.7639 0
162 9.2182 93.6900 33.7225 0
163 69.4674 13.2092 70.7092 0
164 7.9190 5.8009 99.5170 0
165 13.6662 98.0104 14.3944 0
166 16.3279 39.4803 90.4141 0
167 33.5906 49.2476 80.2891 0
168 13.3983 72.8526 67.1787 0
169 56.9090 17.5778 80.3267 0
170 39.7959 87.0396 28.9895 0
171 43.8605 85.0750 28.9568 0
172 4.6962 98.0041 19.3169 0
173 88.8338 35.5878 29.0184 0
174 4.5808 95.5825 29.0345 0
175 72.7945 59.7497 33.6295 0
176 43.9230 17.0058 88.2132 0
177 93.7902 31.4058 14.7332 0
178 89.6144 22.4789 38.2616 0
179 17.5758 56.8999 80.3337 0
180 56.7471 56.8078 59.6040 0
181 67.3057 73.8020 4.8177 0
182 28.8187 3.7872 95.6825 0
183 93.9628 18.1511 29.0092 0
184 40.3249 91.3470 5.4429 0
185 37.9248 59.7377 70.6620 0
186 23.7859 35.5587 90.3870 0
187 68.5866 55.4762 47.0986 0
188 40.9394 12.3921 90.3903 0
189 39.2369 39.2622 83.1802 0
190 28.4881 25.5944 92.3762 0
191 44.9076 44.8346 77.2863 0
192 22.5086 30.9814 92.3770 0
193 21.7851 55.4757 80.2985 0
194 27.3484 81.2465 51.4886 0
195 60.6367 77.0964 19.4767 0
196 86.2667 27.1035 42.7020 0
197 45.1998 24.4614 85.7824 0
198 31.7705 94.6815 5.1034 0
199 87.1854 44.9756 19.3884 0
200 31.5848 94.3682 9.8505 0
201 13.5853 91.3434 38.3645 0
202 43.5317 81.4344 38.3852 0
203 52.4207 81.5845 24.4138 0
204 17.0267 43.9795 88.1810 0
205 58.1486 33.5799 74.1021 0
206 55.8006 37.3258 74.1153 0
207 76.1191 13.4589 63.4408 0
208 42.2436 20.9864 88.1763 0
209 71.2708 42.9138 55.4877 0
210 27.3477 93.0836 24.2392 0
211 16.8926 9.7170 98.0827 0
212 82.6438 22.9651 51.4063 0
213 68.8117 46.6461 55.5796 0
214 83.7380 18.4082 51.4693 0
215 89.3793 44.4820 5.7176 0
216 9.1584 89.9814 42.6552 0
217 56.9385 79.9309 19.2110 0
218 18.2213 88.5744 42.6916 0
219 31.4301 84.7484 42.7767 0
220 48.5842 87.3034 4.2066 0
221 91.9261 9.0900 38.3008 0
222 22.3744 25.2110 94.1477 0
223 31.1676 86.9533 38.3105 0
224 27.2825 90.1339 33.6385 0
225 27.0544 95.1041 14.9420 0
226 27.1297 33.0217 90.4076 0
227 89.2307 40.7348 19.4564 0
228 4.6045 99.7941 4.4647 0
229 35.6078 88.8535 28.9334 0
230 82.4919 53.0472 19.5212 0
231 21.8225 67.2317 70.7367 0
232 83.9736 48.4708 24.4747 0
233 32.6912 44.9140 83.1506 0
234 37.5897 28.4333 88.1962 0
235 22.4835 89.6014 38.2893 0
236 63.5176 73.3397 24.2240 0
237 4.4833 70.5651 70.7140 0
238 65.3388 55.5581 51.4212 0
239 89.3295 13.6419 42.8269 0
240 6.3904 13.2027 98.9184 0
241 59.5704 78.9112 14.9796 0
242 90.3867 31.3284 29.1337 0
243 8.9846 82.6162 55.6223 0
244 40.7908 89.1959 19.4989 0
245 70.9641 48.1462 51.4397 0
246 84.9679 49.0565 19.3371 0
247 16.6644 48.6425 85.7683 0
248 56.0481 75.6450 33.7112 0
249 94.0721 4.6665 33.5957 0
250 30.6503 71.0172 63.3808 0
251 44.2276 73.5370 51.3442 0
252 56.2271 78.9756 24.5228 0
253 65.5597 58.9748 47.1581 0
254 2.4667 4.2972 99.8772 0
255 83.4994 39.5080 38.3010 0
256 36.3756 11.8092 92.3978 0
257 53.5345 59.9270 59.5215 0
258 37.1135 46.5617 80.3405 0
259 34.6643 69.0730 63.4611 0
260 26.5484 78.8208 55.5199 0
261 42.0562 61.0179 67.1423 0
262 26.8650 11.1534 95.6759 0
263 8.8679 58.9327 80.3013 0
264 25.2505 22.3662 94.1391 0
265 55.6683 30.3877 77.3151 0
266 78.3547 17.9034 59.4980 0
267 77.1273 4.5112 63.4904 0
268 52.4226 52.4177 67.1138 0
269 48.6248 16.7189 85.7678 0
270 39.5075 16.3892 90.3911 0
271 14.2946 19.6879 96.9951 0
272 67.0497 73.5200 9.9575 0
273 9.3615 3.0644 99.5137 0
274 55.3946 4.3142 83.1434 0
275 96.2898 22.6728 14.6360 0
276 60.4041 57.1386 55.5565 0
277 3.2658 14.2569 98.9246 0
278 12.8702 45.3276 88.2030 0
279 73.5177 44.2345 51.3658 0
280 11.8737 36.3842 92.3862 0
281 70.7025 22.0806 67.1834 0
282 49.5309 25.2577 83.1188 0
283 89.1180 44.4076 9.2706 0
284 78.7769 26.5236 55.5940 0
285 85.0252 43.8017 29.1913 0
286 55.0121 74.1833 38.3473 0
287 41.6043 57.2045 70.6875 0
288 57.2300 60.3171 55.5570 0
289 37.3487 55.8352 74.0777 0
290 22.9122 82.6615 51.4014 0
291 84.5974 52.3498 10.1377 0
292 4.3351 46.9549 88.1842 0
293 92.6492 32.1014 19.6376 0
294 93.1350 13.8123 33.6912 0
295 93.7082 9.2429 33.6652 0
296 91.6447 31.7262 24.3865 0
297 51.6252 29.8043 80.2904 0
298 72.8831 13.3819 67.1489 0
299 57.1660 41.5593 70.7452 0
300 7.5328 23.1487 96.9917 0
301 18.1362 97.2137 14.8520 0
302 28.9910 47.3701 83.1600 0
303 12.6466 49.8538 85.7593 0
304 66.2049 50.2874 55.5707 0
305 99.4047 4.6416 9.8575 0
306 84.8828 52.5858 5.4448 0
307 38.8074 70.2682 59.6353 0
308 4.4525 59.3958 80.3263 0
309 30.7803 74.2174 59.5344 0
310 11.0968 26.7747 95.7078 0
311 29.8344 15.6587 94.1526 0
312 71.3886 51.8615 47.0537 0
313 45.0824 54.5191 70.6771 0
314 41.8941 8.3468 90.4169 0
315 60.9593 42.1345 67.1464 0
316 9.0203 62.7461 77.3405 0
317 50.0527 62.8222 59.5659 0
318 38.6900 66.9677 63.3909 0
319 53.6494 25.8758 80.3255 0
320 76.7511 8.9788 63.4716 0
321 24.7988 40.0962 88.1891 0
322 7.9764 37.4395 92.3832 0
323 51.2546 4.2857 85.7590 0
324 52.5788 84.8958 5.3087 0
325 13.8239 96.0496 24.1531 0
326 81.2079 39.8486 42.6305 0
327 66.9335 38.6074 63.4773 0
328 59.7119 37.9053 70.6943 0
329 70.6024 70.6388 5.0457 0
330 4.6431 96.9078 24.2345 0
331 38.3469 63.3882 67.1674 0
332 59.0148 62.2498 51.4025 0
333 18.0700 90.6048 38.2653 0
334 46.3317 8.6474 88.1963 0
335 27.0397 86.2984 42.6783 0
336 26.2560 69.2559 67.1881 0
337 21.9983 70.7197 67.1923 0
338 95.6808 27.2590 10.1059 0
339 64.8440 17.4154 74.1078 0
340 29.8109 51.5646 80.3268 0
341 34.8691 72.3261 59.6078 0
342 34.8583 31.7722 88.1784 0
343 59.1926 75.2073 28.9845 0
344 33.5444 58.1267 74.1354 0
345 25.1334 14.4979 95.6981 0
346 68.4716 17.5448 70.7377 0
347 9.0571 91.8976 38.3772 0
348 91.3707 40.2972 5.2473 0
349 70.1412 8.8708 70.7214 0
350 45.3837 12.8521 88.1768 0
351 69.9266 69.9612 14.6865 0
352 33.4265 4.0447 94.1611 0
353 13.8439 93.1081 33.7524 0
354 44.3404 83.0804 33.6389 0
355 5.7172 7.8857 99.5245 0
356 4.6221 94.0886 33.5555 0
357 27.2076 83.8710 47.1742 0
358 13.2791 69.4917 70.6723 0
359 69.2252 66.0276 29.1242 0
360 13.2600 6.3558 98.9130 0
361 15.5739 34.9425 92.3930 0
362 65.4980 62.2678 42.8104 0
363 79.8288 8.9875 59.5532 0
364 36.4683 91.0510 19.4877 0
365 69.7524 63.2177 33.7362 0
366 92.2836 35.6994 14.4666 0
367 15.6539 29.8767 94.1400 0
368 40.3393 88.1885 24.4035 0
369 47.0321 20.6450 85.8007 0
370 79.8477 56.9268 19.5880 0
371 60.2231 79.7036 4.5287 0
372 20.6665 47.0557 85.7826 0
373 91.8354 26.9367 28.9945 0
374 75.6615 56.0814 33.6187 0
375 82.1424 56.2832 9.2104 0
376 44.9817 87.1775 19.4096 0
377 94.3720 31.5870 9.8070 0
378 70.1559 66.9392 24.4397 0
379 74.0441 22.2199 63.4330 0
380 13.4732 76.1064 63.4531 0
381 4.2503 2.4879 99.8787 0
382 26.3614 57.7078 77.2974 0
383 51.4985 48.3561 70.7785 0
384 8.6793 46.3724 88.1718 0
385 76.8764 63.8334 3.9124 0
386 55.5013 65.3752 51.4363 0
387 17.6730 23.0423 95.6907 0
388 40.2567 85.0960 33.7353 0
389 33.0944 19.0888 92.4142 0
390 14.3049 3.2204 98.9192 0
391 27.3702 96.0501 5.0241 0
392 4.5607 98.7624 15.0063 0
393 99.4445 9.2351 5.0510 0
394 94.0984 27.6041 19.5831 0
395 32.1159 92.7196 19.2782 0
396 87.0285 39.7409 29.0981 0
397 48.1074 86.4602 14.5019 0
398 80.1609 4.5164 59.6140 0
399 96.5279 9.1864 24.4535 0
400 24.5048 45.1837 85.7785 0
401 40.1250 24.8023 88.1750 0
402 43.8212 79.0756 42.7405 0
403 62.3055 58.9900 51.3634 0
404 22.1678 74.0121 63.4886 0
405 66.5693 8.7680 74.1056 0
406 85.1617 40.2501 33.5771 0
407 42.5808 4.2304 90.3824 0
408 65.6410 34.4327 67.1241 0
409 13.7157 89.3078 42.8485 0
410 26.5131 75.7848 59.6130 0
411 95.2737 9.0794 28.9912 0
412 48.3750 80.7952 33.6451 0
413 80.7807 48.3881 33.6611 0
414 31.7643 88.6595 33.6232 0
415 76.5562 63.5475 10.0429 0
416 79.1548 13.4053 59.6223 0
417 88.2718 40.2746 24.2082 0
418 43.6580 40.5395 80.3151 0
419 4.0958 33.4379 94.1548 0
420 84.6643 13.9153 51.3646 0
421 18.2996 97.8727 9.2773 0
422 42.8341 71.2579 55.5657 0
423 59.4218 4.4184 80.3089 0
424 40.0033 78.5440 47.2290 0
425 88.6098 31.7614 33.7568 0
426 40.9172 53.2641 74.0859 0
427 73.7711 67.2716 5.6881 0
428 73.5018 67.0040 10.3902 0
429 25.2447 49.4927 83.1455 0
430 83.0270 4.4785 55.5559 0
431 34.8416 37.8607 85.7475 0
432 86.3843 48.1234 14.8959 0
433 67.9998 42.7355 59.5794 0
434 13.7638 87.0979 47.1647 0
435 70.2491 38.8942 59.6013 0
436 86.9805 36.0550 33.6813 0
437 87.4732 22.6171 42.8592 0
438 47.8753 82.9158 28.8605 0
439 25.8194 53.6659 80.3326 0
440 66.5479 66.5379 33.8242 0
441 37.6656 20.2041 90.4052 0
442 30.4037 67.5427 67.1833 0
443 9.2415 87.6976 47.1564 0
444 25.7083 62.0717 74.0688 0
445 14.9659 12.5849 98.0696 0
446 44.1174 88.5149 14.7907 0
447 18.3580 95.2299 24.3771 0
448 9.1847 11.4882 98.9124 0
449 35.3740 85.3170 38.3366 0
450 9.1934 99.0802 9.9296 0
451 79.2343 47.4661 38.3261 0
452 64.2608 74.1673 19.2289 0
453 63.8480 76.8508 4.1704 0
454 36.0731 93.0857 5.8120 0
455 28.0737 43.0410 85.7866 0
456 95.5839 4.5046 29.0419 0
457 30.1032 63.9336 70.7552 0
458 52.1003 84.0947 14.6165 0
459 75.8275 40.1834 51.3369 0
460 71.0201 67.6892 19.3472 0
461 96.3038 18.5708 19.5118 0
462 65.5502 46.4306 59.5598 0
463 9.1051 98.4533 14.9684 0
464 89.9520 9.1583 42.7171 0
465 35.9907 87.0042 33.6888 0
466 63.9418 30.1205 70.7404 0
467 21.5537 63.5728 74.1211 0
468 13.4382 79.2208 59.5272 0
469 56.1988 53.0787 63.4377 0
470 53.2854 40.8907 74.0852 0
471 22.6753 87.4799 42.8147 0
472 46.5693 37.1272 80.3298 0
473 18.3304 92.3218 33.7739 0
474 93.0985 27.3399 24.1909 0
475 20.1383 37.6920 90.4089 0
476 50.4880 44.2654 74.1049 0
477 18.3554 6.6716 98.0743 0
478 61.9453 13.5333 77.3280 0
479 95.2074 18.3474 24.4729 0
480 98.9458 13.8185 4.3325 0
481 37.9690 50.7902 77.3221 0
482 62.0339 25.6804 74.1102 0
483 77.1802 22.2855 59.5532 0
484 22.9149 94.3004 24.1319 0
485 47.9909 41.5279 77.2807 0
486 62.0025 34.0524 70.6832 0
487 9.2422 85.2454 51.4568 0
488 4.5867 90.2798 42.7612 0
489 4.3821 55.4181 83.1242 0
490 59.2453 49.6736 63.4234 0
491 63.2423 4.4911 77.3321 0
492 79.6917 60.1903 5.1341 0
493 71.4848 55.3266 42.7655 0
494 56.4043 82.4271 4.9331 0
495 81.2836 27.4303 51.3864 0
496 44.2842 50.4629 74.1107 0
497 80.1350 22.2223 55.5388 0
498 13.9129 84.6207 51.4370 0
499 87.0015 31.1266 38.2344 0
500 76.2712 59.9623 24.2329 0
501 62.6389 72.3119 29.1095 0
502 73.0789 66.6242 14.8556 0
503 74.2153 51.6645 42.6949 0
504 76.7256 47.7743 42.7878 0
505 49.1080 55.4250 67.2048 0
506 18.1406 93.9951 28.9107 0
507 34.0823 61.9561 70.7096 0
508 79.0260 43.8321 42.8209 0
509 51.2869 76.7867 38.3857 0
510 49.7300 59.2435 63.3808 0
511 86.2547 44.4991 24.0824 0
512 9.1211 95.2159 29.1674 0
513 31.6787 91.6990 24.2438 0
514 63.3900 53.8706 55.4948 0
515 73.3442 63.5315 24.1739 0
516 40.5447 43.7037 80.2877 0
517 82.8629 47.8090 29.1211 0
518 55.4465 21.7353 80.3322 0
519 22.6092 96.2470 15.0115 0
520 62.0438 68.4429 38.2901 0
521 8.4284 50.7393 85.7583 0
522 44.3093 89.0864 10.0147 0
523 44.0743 76.3572 47.1914 0
524 74.1379 64.2235 19.4656 0
525 68.4673 62.0328 38.2644 0
526 73.4392 38.9114 55.6111 0
527 81.2047 17.8760 55.5539 0
528 87.7140 9.2154 47.1309 0
529 97.6485 9.3113 19.4438 0
530 13.0720 65.8193 74.1413 0
531 4.0400 38.0138 92.4047 0
532 13.4309 82.0079 55.6266 0
533 58.8428 68.6368 42.7378 0
534 85.1901 22.8613 47.1170 0
535 49.8489 12.6470 85.7621 0
536 81.5659 55.8927 14.9333 0
537 31.6244 40.5228 85.7776 0
538 4.4575 77.1234 63.4989 0
539 19.1851 3.3514 98.0852 0
540 36.1075 42.2006 83.1586 0
541 85.3264 35.4028 38.2891 0
542 11.0080 21.6383 97.0083 0
543 30.1888 30.2033 90.4234 0
544 42.7676 68.0212 59.5319 0
545 70.3935 70.3342 9.8918 0
546 97.2751 22.8847 3.7202 0
547 48.0721 73.9386 47.1398 0
548 53.0588 56.2192 63.4363 0
549 98.8007 4.6083 14.7371 0
550 31.7922 34.8412 88.1779 0
551 28.0693 7.4727 95.6884 0
552 86.2493 18.3402 47.1667 0
553 26.9546 91.7776 29.1603 0
554 4.4034 67.0265 74.0814 0
555 67.2579 21.8442 70.7051 0
556 63.6097 21.5556 74.0888 0
557 76.1413 63.2419 14.2463 0
558 66.9842 70.1865 24.2275 0
559 92.9544 22.5120 29.2009 0
560 90.1217 27.3716 33.5988 0
561 4.6092 99.3894 10.0254 0
562 63.1993 69.8121 33.6470 0
563 31.2895 90.4431 29.0004 0
564 76.4192 44.1093 47.0583 0
565 8.9395 76.7515 63.4767 0
566 47.8616 76.7158 42.7078 0
567 34.9110 75.4656 55.5533 0
568 98.0072 4.6651 19.3085 0
569 54.8303 8.7175 83.1724 0
570 96.8734 22.7517 9.8950 0
571 48.4055 86.9190 10.0990 0
572 97.9483 13.7102 14.7702 0
573 9.2116 96.5556 24.3343 0
574 48.4981 83.9885 24.3694 0
575 51.7722 80.5086 28.9484 0
576 31.6105 82.2925 47.2094 0
577 4.2307 51.2181 85.7835 0
578 42.5117 64.5644 63.4365 0
579 39.4843 83.5476 38.2203 0
580 78.2966 52.2692 33.7279 0
581 8.0868 32.6947 94.1576 0
582 91.0300 36.4260 19.6644 0
583 3.0635 9.3285 99.5168 0
584 46.4527 65.4837 59.6157 0
585 18.3753 86.2662 47.1221 0
586 4.5639 92.3170 38.1672 0
587 18.4586 83.7667 51.4044 0
588 73.5460 8.9305 67.1657 0
589 31.5064 11.9786 94.1481 0
590 72.3221 62.6367 29.0888 0
591 46.1598 61.9585 63.4855 0
592 97.1865 18.1851 14.9697 0
593 11.9170 31.5105 94.1545 0
594 41.5041 47.9181 77.3387 0
595 17.4149 64.9090 74.0509 0
596 21.6112 10.9986 97.0154 0
597 43.0817 28.1577 85.7386 0
598 32.7584 8.0817 94.1359 0
599 83.0959 35.6928 42.6743 0
600 56.2633 82.1001 9.6960 0
601 37.4410 7.9778 92.3825 0
602 17.8353 81.2345 55.5235 0
603 34.2961 53.3869 77.2892 0
604 62.8330 9.0475 77.2668 0
605 17.7778 75.1976 63.4765 0
606 35.9550 92.8100 9.6715 0
607 55.5115 77.9022 29.1500 0
608 82.3381 31.5571 47.1656 0
609 62.0372 46.1861 63.3895 0
610 14.5113 25.1664 95.6874 0
611 38.0666 3.9821 92.3855 0
612 68.2696 51.8743 51.4619 0
613 27.7121 19.1737 94.1510 0
614 34.3882 65.6542 67.1341 0
615 17.6839 71.9408 67.1699 0
616 28.3962 37.6369 88.1880 0
617 3.3934 19.2515 98.0707 0
618 57.7134 26.3744 77.2888 0
619 8.8630 70.1679 70.6959 0
620 90.4587 39.9524 14.8669 0
621 4.1507 42.5947 90.3795 0
622 88.0580 4.6513 47.1609 0
623 69.1266 34.6734 63.3977 0
624 13.6525 94.6746 29.1604 0
625 49.0761 84.9221 19.4879 0
626 82.6397 9.0293 55.5802 0
627 97.8259 18.2625 9.8270 0
628 60.9137 17.9037 77.2592 0
629 75.1807 59.2027 29.0328 0
630 35.5115 23.7561 90.4134 0
631 82.0120 13.4103 55.6256 0
632 90.0603 36.0943 24.2144 0
633 51.8636 68.3211 51.4041 0
634 55.5003 68.5223 47.1637 0
635 90.6451 18.0687 38.1706 0
636 23.1378 95.3616 19.2562 0
637 34.9604 15.6056 92.3809 0
638 39.8156 81.1925 42.6907 0
639 4.6528 88.1034 47.0760 0
640 60.2584 29.7406 74.0569 0
641 8.2943 41.9822 90.3809 0
642 4.5393 83.0398 55.5319 0
643 63.5977 76.6078 9.3045 0
644 18.3460 98.2200 4.0311 0
645 29.7506 60.2244 74.0805 0
646 52.2844 78.2995 33.6977 0
647 12.4211 40.8655 90.4197 0
648 84.7754 31.3980 42.7469 0
649 31.7900 79.6486 51.4344 0
650 17.5947 68.4398 70.7561 0
651 4.5345 80.2030 59.5560 0
652 88.5258 44.0645 14.8833 0
653 82.9965 44.3873 33.7840 0
654 85.6108 4.6704 51.4682 0
655 90.9935 40.1488 10.4043 0
656 59.9230 53.5549 59.5072 0
657 35.9825 77.8742 51.3894 0
658 22.8584 91.3759 33.5849 0
659 99.1320 9.1529 9.4375 0
660 27.2385 95.7424 9.5631 0
661 22.5908 93.0316 28.8926 0
662 62.7944 50.1156 59.5424 0
663 63.4226 38.3043 67.1591 0
664 46.6250 68.7843 55.6312 0
665 49.2464 33.5570 80.3039 0
666 35.6324 83.1059 42.7053 0
667 9.2387 99.4070 5.7357 0
668 79.4472 59.9990 9.3950 0
669 47.3895 29.0285 83.1360 0
670 82.3698 56.4620 5.2197 0
671 13.2219 58.0653 80.3343 0
672 50.7511 37.9730 77.3458 0
673 72.6585 26.3953 63.4353 0
674 30.9668 22.5385 92.3746 0
675 58.0373 13.2622 80.3479 0
676 95.1047 27.0312 14.9800 0
677 22.2660 77.2212 59.5073 0
678 96.0457 27.3399 5.2679 0
679 47.4384 47.4669 74.1384 0
680 38.9876 73.4707 55.5159 0
681 17.8811 60.9063 77.2702 0
682 9.3564 97.5989 19.6703 0
683 71.3722 58.6480 38.2939 0
684 74.1987 30.7021 59.5981 0
685 12.9421 54.0027 83.1637 0
686 3.8153 28.7615 95.6986 0
687 66.9641 4.4252 74.1365 0
688 51.6912 74.2441 42.6126 0
689 71.9526 17.7400 67.1425 0
690 96.0017 13.8422 24.3323 0
691 22.2022 59.4170 77.3090 0
692 53.8257 63.3281 55.6088 0
693 65.8166 13.1355 74.1325 0
694 13.9177 97.0807 19.5356 0
695 39.9884 90.5046 14.4862 0
696 86.9536 48.4437 9.6064 0
697 24.0318 3.7949 96.9952 0
698 78.5352 40.0105 47.2376 0
699 40.2149 75.7878 51.3709 0
700 70.5404 4.3978 70.7440 0
701 42.2149 36.1279 83.1425 0
702 4.6316 85.6702 51.3728 0
703 50.6713 8.4730 85.7941 0
704 73.9336 4.5018 67.1830 0
705 65.7259 26.0096 70.7361 0
706 88.5871 18.1800 42.6827 0
707 26.7819 88.4126 38.2877 0
708 69.2515 26.3151 67.1696 0
709 11.4641 9.1472 98.9187 0
710 67.6400 71.0290 19.4860 0
711 92.3432 18.3358 33.7125 0
712 70.9350 30.6481 63.4738 0
713 22.8186 97.1963 5.6735 0
714 75.4833 34.9127 55.5282 0
715 45.7283 58.2931 67.1627 0
716 51.8725 71.3288 47.1322 0
717 59.4478 22.2170 77.2811 0
718 22.2801 80.1384 55.5107 0
719 26.0475 65.7750 70.6765 0
720 40.2281 91.0239 9.8161 0
721 77.7975 36.0207 51.4787 0
722 48.3785 51.5322 70.7386 0
723 55.3260 71.4988 42.7430 0
724 63.2279 76.1379 14.3268 0
725 26.4833 72.6784 63.3757 0
726 13.7108 98.5858 9.6358 0
727 52.4041 84.5692 10.0927 0
728 81.5065 43.5327 38.2308 0
729 13.4707 61.9517 77.3339 0
730 62.2576 65.5098 42.8073 0
731 9.0407 79.7990 59.5852 0
732 85.2758 9.3007 51.3959 0
733 91.3931 13.5349 38.2637 0
734 53.3668 34.3144 77.2949 0
735 12.5853 14.9856 98.0665 0
736 97.1151 13.9846 19.3156 0
737 9.7178 16.9114 98.0794 0
738 25.6161 28.4321 92.3874 0
739 30.7983 77.2877 55.4805 0
740 17.8292 78.2843 59.6128 0
741 4.4805 73.9873 67.1253 0
742 98.4685 9.1266 14.8543 0
743 72.3378 34.8971 59.5771 0
744 75.1971 17.8454 63.4582 0
745 77.2287 30.7645 55.5813 0
746 88.3978 26.8243 38.2921 0
747 23.0128 17.6469 95.7027 0
748 75.8500 26.4859 59.5423 0
749 74.2432 55.0691 38.1489 0
750 59.0088 65.5667 47.1060 0
751 62.3873 62.3285 47.1485 0
752 94.3151 22.9074 24.0812 0
753 79.6911 31.7000 51.4241 0
754 50.2866 66.1726 55.6098 0
755 37.8281 34.8398 85.7626 0
756 22.7383 96.8617 10.0392 0
757 66.0437 69.2406 29.0511 0
758 13.7742 98.9281 4.8472 0
759 67.5980 30.4527 67.1055 0
760 33.0839 27.1644 90.3745 0
761 8.7731 66.6260 74.0541 0
762 35.8251 80.5897 47.1366 0
763 53.0387 82.4787 19.5998 0
764 55.4817 49.1730 67.1103 0
765 59.9305 79.4615 9.7060 0
766 84.1140 52.0550 14.6670 0
767 44.4555 86.1784 24.4333 0
1438
64 0 381 
95 0 254 
254 0 381 
3 1 34 
33 2 228 
65 2 228 
4 3 393 
34 3 113 
113 3 393 
5 4 480 
393 4 480 
6 5 136 
136 5 480 
7 6 546 
136 6 546 
8 7 678 
546 7 678 
9 8 124 
124 8 678 
10 9 135 
124 9 135 
11 10 348 
135 10 348 
12 11 215 
215 11 348 
13 12 129 
129 12 215 
14 13 306 
129 13 306 
15 14 670 
306 14 670 
16 15 492 
492 15 670 
17 16 385 
385 16 492 
18 17 329 
329 17 427 
385 17 427 
19 18 181 
181 18 329 
20 19 453 
181 19 453 
21 20 371 
371 20 453 
22 21 494 
371 21 494 
23 22 324 
324 22 494 
24 23 220 
220 23 324 
25 24 99 
99 24 220 
26 25 184 
99 25 184 
27 26 454 
184 26 454 
28 27 198 
198 27 454 
29 28 391 
198 28 391 
30 29 713 
391 29 713 
31 30 644 
644 30 713 
32 31 758 
644 31 758 
33 32 228 
228 32 667 
667 32 758 
35 34 113 
36 35 305 
113 35 305 
37 36 568 
305 36 549 
549 36 568 
38 37 137 
137 37 568 
39 38 456 
137 38 456 
40 39 456 
41 40 140 
140 40 249 
249 40 456 
42 41 140 
43 42 114 
114 42 140 
44 43 622 
114 43 622 
45 44 654 
622 44 654 
46 45 430 
430 45 654 
47 46 398 
398 46 430 
48 47 267 
267 47 398 
49 48 704 
267 48 704 
50 49 700 
700 49 704 
51 50 687 
687 50 700 
52 51 491 
491 51 687 
53 52 423 
423 52 491 
54 53 274 
274 53 423 
55 54 323 
274 54 323 
56 55 110 
110 55 323 
57 56 407 
110 56 407 
58 57 611 
407 57 611 
59 58 352 
352 58 611 
60 59 182 
182 59 352 
61 60 697 
182 60 697 
62 61 539 
539 61 697 
63 62 390 
390 62 539 
64 63 273 
273 63 390 
273 64 381 
66 65 561 
228 65 561 
67 66 561 
68 67 392 
392 67 561 
69 68 330 
172 68 330 
172 68 392 
70 69 174 
174 69 330 
71 70 356 
174 70 356 
72 71 586 
356 71 586 
73 72 586 
74 73 488 
488 73 586 
75 74 702 
488 74 639 
639 74 702 
76 75 642 
642 75 702 
77 76 642 
78 77 651 
642 77 651 
79 78 538 
538 78 651 
80 79 741 
538 79 741 
81 80 237 
237 80 741 
82 81 554 
237 81 554 
83 82 157 
157 82 554 
84 83 308 
157 83 308 
85 84 489 
308 84 489 
86 85 577 
489 85 577 
87 86 292 
292 86 577 
88 87 621 
292 87 621 
89 88 531 
531 88 621 
90 89 419 
419 89 531 
91 90 686 
419 90 686 
92 91 120 
120 91 686 
93 92 617 
120 92 617 
94 93 277 
277 93 617 
95 94 583 
277 94 583 
254 95 583 
156 96 370 
156 96 500 
161 96 370 
161 96 557 
500 96 515 
515 96 524 
524 96 557 
146 97 387 
146 97 747 
222 97 264 
222 97 387 
264 97 747 
123 98 193 
123 98 247 
193 98 439 
247 98 372 
372 98 429 
429 98 439 
184 99 522 
220 99 571 
522 99 571 
109 100 169 
109 100 535 
147 100 269 
147 100 518 
169 100 518 
269 100 535 
451 101 504 
451 101 580 
503 101 504 
503 101 749 
580 101 749 
120 102 300 
120 102 686 
300 102 310 
310 102 593 
581 102 593 
581 102 686 
183 103 294 
183 103 690 
294 103 295 
295 103 411 
411 103 690 
150 104 299 
150 104 764 
299 104 470 
383 104 476 
383 104 764 
470 104 476 
166 105 204 
166 105 475 
204 105 372 
321 105 400 
321 105 475 
372 105 400 
146 106 445 
146 106 747 
211 106 445 
211 106 596 
345 106 596 
345 106 747 
272 107 351 
272 107 724 
351 107 710 
452 107 710 
452 107 724 
229 108 368 
229 108 563 
244 108 364 
244 108 368 
364 108 513 
513 108 563 
169 109 675 
535 109 703 
569 109 675 
569 109 703 
323 110 703 
334 110 407 
334 110 703 
202 111 354 
202 111 402 
354 111 412 
402 111 566 
412 111 646 
509 111 566 
509 111 646 
187 112 253 
187 112 493 
253 112 362 
362 112 525 
493 112 683 
525 112 683 
305 113 659 
393 113 659 
140 114 221 
221 114 464 
464 114 622 
251 115 422 
251 115 547 
422 115 664 
547 115 716 
633 115 664 
633 115 716 
326 116 599 
326 116 698 
599 116 608 
608 116 753 
698 116 721 
721 116 753 
152 117 597 
152 117 701 
234 117 342 
234 117 597 
342 117 755 
701 117 755 
119 118 192 
119 118 367 
192 118 222 
222 118 387 
367 118 610 
387 118 610 
186 119 192 
186 119 475 
361 119 367 
361 119 475 
300 120 617 
148 121 149 
148 121 156 
149 121 517 
156 121 230 
230 121 232 
232 121 517 
138 122 248 
138 122 562 
248 122 343 
343 122 501 
501 122 562 
179 123 193 
179 123 685 
247 123 303 
303 123 685 
130 124 135 
130 124 377 
377 124 678 
196 125 534 
196 125 648 
212 125 495 
212 125 534 
495 125 608 
608 125 648 
178 126 635 
178 126 746 
373 126 559 
373 126 560 
559 126 711 
560 126 746 
635 126 711 
239 127 528 
239 127 706 
420 127 552 
420 127 732 
528 127 732 
552 127 706 
340 128 439 
340 128 603 
344 128 603 
344 128 645 
382 128 439 
382 128 645 
215 129 696 
306 129 696 
135 130 348 
348 130 655 
366 130 377 
366 130 655 
136 131 480 
136 131 627 
393 131 480 
393 131 659 
572 131 627 
572 131 742 
659 131 742 
315 132 609 
315 132 663 
327 132 433 
327 132 663 
433 132 462 
462 132 609 
263 133 489 
263 133 671 
489 133 577 
521 133 577 
521 133 685 
671 133 685 
142 134 200 
142 134 395 
200 134 606 
364 134 395 
364 134 695 
606 134 720 
695 134 720 
546 136 570 
570 136 627 
399 137 456 
399 137 529 
529 137 568 
248 138 286 
286 138 723 
520 138 533 
520 138 562 
533 138 723 
142 139 225 
142 139 395 
210 139 484 
210 139 513 
225 139 636 
395 139 513 
484 139 636 
221 140 295 
249 140 295 
195 141 217 
195 141 236 
217 141 252 
236 141 343 
252 141 343 
200 142 225 
290 143 357 
290 143 587 
335 143 357 
335 143 471 
471 143 585 
585 143 587 
168 144 380 
168 144 619 
237 144 619 
237 144 741 
380 144 565 
565 144 741 
262 145 551 
262 145 596 
477 145 539 
477 145 596 
539 145 697 
551 145 697 
271 146 387 
271 146 735 
445 146 735 
269 147 369 
282 147 319 
282 147 369 
319 147 518 
149 148 580 
156 148 500 
374 148 580 
374 148 629 
500 148 629 
413 149 517 
413 149 580 
299 150 315 
315 150 609 
490 150 609 
490 150 764 
301 151 519 
301 151 694 
325 151 447 
325 151 694 
447 151 484 
484 151 636 
519 151 636 
472 152 665 
472 152 701 
597 152 669 
665 152 669 
362 153 525 
362 153 730 
440 153 520 
440 153 525 
520 153 730 
245 154 279 
245 154 312 
279 154 564 
312 154 503 
503 154 504 
504 154 564 
217 155 241 
217 155 763 
241 155 765 
458 155 727 
458 155 763 
600 155 727 
600 155 765 
230 156 370 
308 157 316 
316 157 761 
554 157 761 
274 158 423 
274 158 569 
423 158 604 
478 158 604 
478 158 675 
569 158 675 
275 159 461 
275 159 676 
394 159 676 
394 159 752 
461 159 752 
240 160 277 
240 160 737 
277 160 617 
300 160 542 
300 160 617 
542 160 737 
370 161 536 
415 161 557 
415 161 668 
536 161 668 
347 162 353 
347 162 586 
353 162 624 
356 162 512 
356 162 586 
512 162 624 
298 163 349 
298 163 689 
346 163 689 
346 163 693 
349 163 405 
405 163 693 
273 164 360 
273 164 381 
355 164 381 
355 164 448 
360 164 709 
448 164 709 
301 165 421 
301 165 694 
421 165 726 
450 165 463 
450 165 726 
463 165 694 
204 166 647 
280 166 361 
280 166 647 
361 166 475 
233 167 258 
233 167 302 
258 167 481 
302 167 340 
340 167 603 
481 167 603 
358 168 615 
358 168 619 
380 168 605 
605 168 615 
518 169 717 
628 169 675 
628 169 717 
171 170 368 
171 170 388 
229 170 368 
229 170 465 
388 170 465 
354 171 388 
354 171 438 
368 171 767 
438 171 767 
330 172 682 
392 172 463 
463 172 682 
242 173 296 
242 173 425 
296 173 632 
396 173 417 
396 173 436 
417 173 632 
425 173 436 
330 174 573 
356 174 512 
512 174 573 
365 175 590 
365 175 683 
374 175 629 
374 175 749 
590 175 629 
683 175 749 
188 176 270 
188 176 350 
208 176 270 
208 176 369 
269 176 350 
269 176 369 
293 177 366 
293 177 394 
338 177 377 
338 177 676 
366 177 377 
394 177 676 
437 178 706 
437 178 746 
635 178 706 
193 179 691 
671 179 681 
671 179 685 
681 179 691 
257 180 288 
257 180 548 
276 180 288 
276 180 656 
469 180 548 
469 180 656 
272 181 329 
272 181 643 
453 181 643 
352 182 598 
551 182 598 
551 182 697 
294 183 711 
479 183 559 
479 183 690 
559 183 711 
454 184 720 
522 184 720 
261 185 287 
261 185 331 
287 185 289 
289 185 344 
331 185 507 
344 185 507 
192 186 226 
226 186 616 
321 186 475 
321 186 616 
238 187 253 
238 187 612 
312 187 493 
312 187 612 
256 188 270 
256 188 601 
314 188 350 
314 188 601 
418 189 516 
418 189 701 
431 189 540 
431 189 755 
516 189 540 
701 189 755 
264 190 674 
264 190 738 
543 190 738 
543 190 760 
674 190 760 
418 191 485 
418 191 516 
476 191 485 
476 191 679 
496 191 594 
496 191 679 
516 191 594 
222 192 738 
226 192 738 
382 193 439 
382 193 691 
260 194 718 
260 194 739 
290 194 357 
290 194 718 
357 194 576 
576 194 649 
649 194 739 
217 195 241 
236 195 452 
241 195 724 
452 195 724 
437 196 534 
437 196 746 
499 196 648 
499 196 746 
208 197 369 
208 197 401 
282 197 369 
282 197 669 
401 197 597 
597 197 669 
200 198 454 
200 198 660 
391 198 660 
227 199 511 
227 199 652 
246 199 432 
246 199 511 
432 199 652 
225 200 660 
454 200 606 
216 201 347 
216 201 409 
333 201 353 
333 201 409 
347 201 353 
354 202 579 
402 202 638 
579 202 638 
252 203 575 
252 203 763 
438 203 574 
438 203 575 
574 203 763 
247 204 278 
247 204 372 
278 204 647 
206 205 328 
206 205 734 
265 205 640 
265 205 734 
328 205 486 
486 205 640 
299 206 328 
299 206 470 
470 206 672 
672 206 734 
266 207 416 
266 207 744 
298 207 588 
298 207 744 
320 207 416 
320 207 588 
270 208 441 
401 208 441 
213 209 245 
213 209 433 
245 209 279 
279 209 459 
433 209 435 
435 209 526 
459 209 526 
484 210 661 
513 210 563 
553 210 563 
553 210 661 
360 211 477 
360 211 709 
445 211 709 
477 211 596 
214 212 497 
214 212 534 
284 212 495 
284 212 497 
245 213 304 
304 213 462 
433 213 462 
420 214 527 
420 214 552 
497 214 527 
534 214 552 
283 215 348 
283 215 696 
347 216 488 
409 216 443 
443 216 639 
488 216 639 
252 217 763 
235 218 333 
235 218 471 
333 218 409 
409 218 434 
434 218 585 
471 218 585 
223 219 335 
223 219 449 
335 219 357 
357 219 576 
449 219 666 
576 219 666 
324 220 571 
295 221 733 
464 221 733 
264 222 738 
335 223 707 
414 223 465 
414 223 707 
449 223 465 
235 224 658 
235 224 707 
414 224 563 
414 224 707 
553 224 563 
553 224 658 
519 225 636 
519 225 756 
660 225 756 
543 226 550 
543 226 738 
550 226 616 
417 227 511 
417 227 582 
582 227 620 
620 227 652 
561 228 667 
414 229 465 
414 229 563 
232 230 246 
246 230 766 
370 230 536 
536 230 766 
336 231 337 
336 231 719 
337 231 650 
467 231 595 
467 231 719 
595 231 650 
246 232 511 
285 232 511 
285 232 517 
258 233 540 
302 233 455 
455 233 537 
537 233 540 
342 234 760 
401 234 597 
401 234 630 
630 234 760 
333 235 473 
471 235 707 
473 235 658 
343 236 501 
452 236 710 
501 236 757 
558 236 710 
558 236 757 
554 237 619 
253 238 403 
276 238 403 
276 238 514 
514 238 612 
464 239 528 
464 239 733 
635 239 706 
635 239 733 
277 240 583 
355 240 448 
355 240 583 
448 240 737 
724 241 765 
296 242 373 
373 242 560 
425 242 560 
487 243 532 
487 243 642 
532 243 731 
642 243 651 
651 243 731 
364 244 695 
368 244 767 
376 244 446 
376 244 767 
446 244 695 
304 245 612 
312 245 612 
432 246 766 
278 247 303 
286 248 509 
343 248 607 
509 248 646 
607 248 646 
295 249 411 
411 249 456 
259 250 341 
259 250 442 
309 250 341 
309 250 725 
336 250 442 
336 250 725 
422 251 680 
523 251 547 
523 251 699 
680 251 699 
343 252 607 
575 252 607 
362 253 751 
403 253 751 
355 254 381 
355 254 583 
326 255 599 
326 255 728 
406 255 436 
406 255 653 
436 255 541 
541 255 599 
653 255 728 
270 256 637 
589 256 598 
589 256 637 
598 256 601 
288 257 692 
317 257 510 
317 257 692 
510 257 548 
481 258 594 
516 258 540 
516 258 594 
307 259 318 
307 259 341 
318 259 614 
442 259 614 
410 260 677 
410 260 739 
677 260 718 
287 261 715 
331 261 578 
578 261 591 
591 261 715 
311 262 345 
311 262 589 
345 262 596 
551 262 589 
308 263 316 
308 263 489 
316 263 729 
671 263 729 
613 264 674 
613 264 747 
297 265 319 
297 265 734 
319 265 618 
618 265 640 
416 266 527 
483 266 497 
483 266 744 
497 266 527 
320 267 363 
320 267 704 
363 267 398 
383 268 722 
383 268 764 
469 268 548 
469 268 764 
505 268 548 
505 268 722 
350 269 535 
441 270 637 
387 271 610 
542 271 610 
542 271 737 
735 271 737 
329 272 545 
351 272 545 
643 272 724 
360 273 390 
323 274 569 
338 275 570 
338 275 676 
461 275 592 
570 275 627 
592 275 627 
288 276 403 
514 276 656 
303 278 384 
384 278 641 
641 278 647 
459 279 564 
322 280 581 
322 280 647 
361 280 593 
581 280 593 
346 281 555 
346 281 689 
379 281 673 
379 281 689 
555 281 708 
673 281 708 
297 282 319 
297 282 669 
348 283 655 
652 283 655 
652 283 696 
483 284 497 
483 284 748 
495 284 753 
745 284 748 
745 284 753 
396 285 406 
396 285 417 
406 285 653 
417 285 511 
517 285 653 
509 286 688 
688 286 723 
289 287 426 
313 287 426 
313 287 715 
332 288 386 
332 288 403 
386 288 692 
344 289 603 
426 289 481 
481 289 603 
587 290 718 
306 291 375 
306 291 696 
375 291 536 
432 291 696 
432 291 766 
536 291 766 
384 292 521 
384 292 621 
521 292 577 
296 293 474 
296 293 632 
366 293 582 
394 293 474 
582 293 632 
295 294 733 
635 294 711 
635 294 733 
373 296 474 
665 297 669 
665 297 734 
349 298 588 
689 298 744 
315 299 328 
310 300 542 
421 301 756 
519 301 756 
340 302 429 
400 302 429 
400 302 455 
384 303 521 
521 303 685 
462 304 662 
514 304 612 
514 304 662 
549 305 742 
659 305 742 
375 306 670 
318 307 544 
341 307 680 
422 307 544 
422 307 680 
341 309 567 
410 309 725 
410 309 739 
567 309 739 
367 310 593 
367 310 610 
542 310 610 
345 311 613 
389 311 613 
389 311 637 
589 311 637 
493 312 503 
426 313 496 
496 313 722 
505 313 715 
505 313 722 
334 314 350 
334 314 407 
407 314 611 
601 314 611 
328 315 663 
530 316 729 
530 316 761 
510 317 591 
584 317 591 
584 317 754 
692 317 754 
331 318 578 
331 318 614 
544 318 578 
518 319 618 
363 320 416 
588 320 704 
400 321 455 
455 321 616 
419 322 531 
419 322 581 
531 322 641 
641 322 647 
569 323 703 
494 324 600 
571 324 727 
600 324 727 
447 325 624 
573 325 624 
573 325 682 
682 325 694 
508 326 698 
508 326 728 
408 327 623 
408 327 663 
433 327 435 
435 327 623 
486 328 663 
427 329 545 
573 330 682 
507 331 614 
386 332 750 
403 332 751 
750 332 751 
353 333 473 
350 334 535 
535 334 703 
471 335 707 
337 336 725 
442 336 719 
404 337 615 
404 337 725 
615 337 650 
377 338 678 
570 338 678 
346 339 555 
346 339 693 
478 339 628 
478 339 693 
555 339 556 
556 339 628 
429 340 439 
567 341 680 
543 342 550 
543 342 760 
550 342 755 
507 344 645 
613 345 747 
488 347 586 
405 349 687 
588 349 700 
687 349 700 
428 351 502 
428 351 545 
460 351 502 
460 351 710 
598 352 601 
601 352 611 
473 353 506 
506 353 624 
388 354 579 
412 354 438 
530 358 650 
530 358 761 
615 358 650 
619 358 761 
365 359 440 
365 359 590 
378 359 590 
378 359 757 
440 359 757 
390 360 477 
367 361 593 
730 362 751 
398 363 626 
416 363 631 
626 363 631 
395 364 513 
440 365 525 
525 365 683 
582 366 620 
620 366 655 
453 371 643 
494 371 765 
643 371 765 
400 372 429 
474 373 752 
559 373 752 
580 374 749 
492 375 668 
492 375 670 
536 375 668 
397 376 446 
397 376 625 
574 376 625 
574 376 767 
460 378 515 
460 378 558 
515 378 590 
558 378 757 
483 379 744 
483 379 748 
673 379 748 
689 379 744 
468 380 565 
468 380 740 
605 380 740 
444 382 645 
444 382 691 
476 383 679 
679 383 722 
621 384 641 
415 385 427 
415 385 492 
633 386 634 
633 386 754 
634 386 750 
692 386 754 
465 388 579 
441 389 630 
441 389 637 
613 389 674 
630 389 674 
477 390 539 
660 391 713 
463 392 561 
474 394 752 
406 396 436 
446 397 522 
458 397 625 
458 397 727 
522 397 571 
571 397 727 
430 398 626 
411 399 456 
411 399 690 
529 399 690 
441 401 630 
424 402 523 
424 402 638 
523 402 566 
410 404 677 
410 404 725 
605 404 615 
605 404 677 
491 405 604 
491 405 687 
604 405 693 
466 408 486 
466 408 759 
486 408 663 
623 408 759 
434 409 443 
438 412 575 
575 412 646 
451 413 580 
451 413 653 
517 413 653 
427 415 428 
428 415 557 
492 415 668 
527 416 631 
582 417 632 
472 418 485 
472 418 701 
581 419 686 
527 420 631 
631 420 732 
644 421 713 
644 421 758 
713 421 756 
726 421 758 
544 422 664 
491 423 604 
523 424 699 
638 424 762 
657 424 699 
657 424 762 
436 425 541 
499 425 541 
499 425 746 
560 425 746 
481 426 594 
496 426 594 
428 427 545 
502 428 557 
626 430 654 
537 431 540 
537 431 550 
550 431 755 
652 432 696 
443 434 487 
487 434 498 
498 434 585 
526 435 743 
623 435 743 
534 437 552 
552 437 706 
574 438 767 
520 440 562 
562 440 757 
457 442 614 
457 442 719 
487 443 702 
639 443 702 
457 444 645 
457 444 719 
467 444 691 
467 444 719 
448 445 709 
448 445 735 
522 446 695 
484 447 661 
506 447 624 
506 447 661 
735 448 737 
465 449 579 
579 449 666 
463 450 561 
561 450 667 
667 450 726 
504 451 508 
508 451 728 
653 451 728 
606 454 720 
537 455 616 
507 457 614 
507 457 645 
625 458 763 
526 459 721 
564 459 698 
698 459 721 
502 460 524 
515 460 524 
558 460 710 
479 461 690 
479 461 752 
592 461 736 
690 461 736 
609 462 662 
682 463 694 
528 464 622 
482 466 640 
482 466 705 
486 466 640 
705 466 759 
595 467 681 
681 467 691 
532 468 602 
532 468 731 
565 468 731 
602 468 740 
490 469 656 
490 469 764 
476 470 485 
485 470 672 
485 472 672 
665 472 672 
506 473 661 
658 473 661 
604 478 693 
628 478 675 
559 479 752 
556 482 705 
556 482 717 
618 482 640 
618 482 717 
498 487 532 
642 487 702 
609 490 662 
656 490 662 
503 493 749 
683 493 749 
600 494 765 
608 495 753 
679 496 722 
532 498 602 
585 498 587 
587 498 602 
541 499 648 
515 500 629 
562 501 757 
524 502 557 
508 504 564 
510 505 548 
510 505 715 
564 508 698 
566 509 688 
591 510 715 
573 512 624 
656 514 662 
590 515 629 
618 518 717 
533 520 730 
695 522 720 
547 523 566 
714 526 721 
714 526 743 
622 528 654 
654 528 732 
568 529 742 
572 529 736 
572 529 742 
690 529 736 
595 530 650 
595 530 729 
621 531 641 
634 533 723 
634 533 750 
730 533 750 
550 537 616 
565 538 731 
565 538 741 
651 538 731 
599 541 648 
578 544 584 
584 544 664 
570 546 678 
566 547 688 
688 547 716 
568 549 742 
589 551 598 
658 553 661 
619 554 761 
556 555 705 
705 555 708 
628 556 717 
657 567 680 
657 567 739 
592 572 627 
592 572 736 
625 574 763 
607 575 646 
649 576 762 
666 576 762 
584 578 591 
638 579 666 
664 584 754 
602 587 718 
700 588 704 
681 595 729 
608 599 648 
718 602 740 
677 605 740 
652 620 655 
712 623 743 
712 623 759 
631 626 732 
654 626 732 
674 630 760 
634 633 716 
664 633 754 
716 634 723 
666 638 762 
724 643 765 
657 649 739 
657 649 762 
680 657 699 
713 660 756 
672 665 734 
726 667 758 
681 671 729 
684 673 712 
684 673 748 
708 673 712 
718 677 740 
712 684 743 
714 684 743 
714 684 745 
745 684 748 
716 688 723 
708 705 759 
712 708 759 
721 714 745 
745 721 753 
750 730 751 
