51
0 0.0000 0.0000 20.0000 1
1 20.0000 0.0000 0.0000 1
2 0.0000 20.0000 0.0000 1
3 19.4986 4.4504 0.0000 1
4 18.0194 8.6777 0.0000 1
5 15.6366 12.4698 0.0000 1
6 12.4698 15.6366 0.0000 1
7 8.6777 18.0194 0.0000 1
8 4.4504 19.4986 0.0000 1
9 19.4986 0.0000 4.4504 1
10 18.0194 0.0000 8.6777 1
11 15.6366 0.0000 12.4698 1
12 12.4698 0.0000 15.6366 1
13 8.6777 0.0000 18.0194 1
14 4.4504 0.0000 19.4986 1
15 0.0000 19.4986 4.4504 1
16 0.0000 18.0194 8.6777 1
17 0.0000 15.6366 12.4698 1
18 0.0000 12.4698 15.6366 1
19 0.0000 8.6777 18.0194 1
20 0.0000 4.4504 19.4986 1
21 6.8720 16.6751 8.6439 0
22 15.0159 9.9880 8.6466 0
23 6.8092 14.0997 12.4432 0
24 14.9274 12.5489 4.4381 0
25 6.6646 18.3476 4.3531 0
26 14.0485 6.7505 12.5328 0
27 6.2405 10.7907 15.6403 0
28 19.1855 3.3574 4.5436 0
29 9.7765 16.9090 4.3019 0
30 10.8333 6.2001 15.6268 0
31 18.3543 6.6283 4.3803 0
32 3.4822 15.2117 12.5092 0
33 3.1605 3.1116 19.5020 0
34 10.0532 15.0083 8.5840 0
35 8.0600 3.3545 17.9940 0
36 3.4667 17.6555 8.7331 0
37 12.7207 12.7031 8.7644 0
38 12.5685 14.9847 4.1826 0
39 17.6763 3.5206 8.6692 0
40 16.6514 6.8783 8.6845 0
41 12.0501 3.1954 15.6392 0
42 15.2480 3.4530 12.4730 0
43 3.3159 7.9915 18.0317 0
44 3.4214 19.1574 4.6139 0
45 6.1053 6.1755 18.0164 0
46 16.9139 9.7127 4.4254 0
47 12.2109 9.7539 12.4802 0
48 8.7811 8.8236 15.6537 0
49 3.2196 12.0326 15.6477 0
50 9.7568 12.2606 12.4290 0
79
14 0 33 
20 0 33 
3 1 28 
9 1 28 
8 2 44 
15 2 44 
4 3 31 
28 3 31 
5 4 46 
31 4 46 
6 5 38 
24 5 38 
24 5 46 
7 6 29 
29 6 38 
8 7 25 
25 7 29 
25 8 44 
10 9 28 
11 10 39 
28 10 39 
12 11 42 
39 11 42 
13 12 41 
41 12 42 
14 13 35 
35 13 41 
33 14 35 
16 15 44 
17 16 36 
36 16 44 
18 17 32 
32 17 36 
19 18 49 
32 18 49 
20 19 43 
43 19 49 
33 20 43 
23 21 32 
23 21 34 
25 21 29 
25 21 36 
29 21 34 
32 21 36 
24 22 37 
24 22 46 
26 22 40 
26 22 47 
37 22 47 
40 22 46 
27 23 49 
27 23 50 
32 23 49 
34 23 50 
37 24 38 
36 25 44 
30 26 41 
30 26 47 
40 26 42 
41 26 42 
43 27 45 
43 27 49 
45 27 48 
48 27 50 
31 28 39 
34 29 38 
35 30 41 
35 30 45 
45 30 48 
47 30 48 
39 31 40 
40 31 46 
35 33 45 
43 33 45 
37 34 38 
37 34 50 
47 37 50 
40 39 42 
48 47 50 
