145
0   0.00000000   0.00000000  20.00000000 0
1  19.97657401   0.96772456   0.00000022 0
2  19.20670757   5.57695117   0.00000000 0
3  18.00344605   8.71067909   0.00000032 0
4  13.27302919  14.96083875   0.00000017 0
5   9.95981549  17.34364654   0.00000000 0
6   5.04656552  19.35283381   0.00000000 0
7  -0.32100835  19.99742368   0.00000000 0
8  -5.93088781  19.10038140   0.00000024 0
9 -10.91332277  16.76005328   0.00000024 0
10 -13.89014977  14.38970950   0.00000017 0
11 -16.66062064  11.06452530   0.00000017 0
12 -19.48902272   4.49199213   0.00000006 0
13 -19.99358151   0.50665403   0.00000028 0
14 -19.02808259  -6.15890192   0.00000024 0
15 -17.51069234  -9.66310788   0.00000000 0
16 -13.42515685 -14.82447853   0.00000024 0
17 -10.83266161 -16.81230033   0.00000024 0
18  -6.24701286 -18.99933763   0.00000024 0
19   1.14507538 -19.96719315   0.00000024 0
20   3.83702599 -19.62848011   0.00000000 0
21  10.48366044 -17.03211272   0.00000000 0
22  14.63178629 -13.63491217   0.00000024 0
23  17.22499042 -10.16364624   0.00000012 0
24  19.22155501  -5.52556089   0.00000021 0
25  18.96798249   1.42092893   6.18033989 0
26  18.33275373   5.07085195   6.18033989 0
27  16.09678119  10.13395452   6.18033989 0
28  13.20706462  13.68856614   6.18033989 0
29   8.36791889  17.08160801   6.18033989 0
30   3.25149717  18.74116232   6.18033989 0
31  -3.85898745  18.62556347   6.18033989 0
32  -7.21337250  17.60030273   6.18033989 0
33 -12.02657796  14.73651320   6.18033989 0
34 -15.85389306  10.50987505   6.18033989 0
35 -18.41478411   4.76435989   6.18033989 0
36 -18.99178779   1.05612278   6.18033989 0
37 -17.91005322  -6.40573122   6.18033989 0
38 -16.63558546  -9.22283554   6.18033989 0
39 -12.54171123 -14.30066006   6.18033989 0
40  -9.14599880 -16.67795266   6.18033989 0
41  -1.96193919 -18.91967742   6.18033989 0
42   3.29269589 -18.73396788   6.18033989 0
43   7.12407866 -17.63663523   6.18033989 0
44  12.85439006 -14.02027300   6.18033989 0
45  16.09279834 -10.14027813   6.18033989 0
46  18.51618110  -4.35366928   6.18033989 0
47  16.17969460   0.14450485  11.75570505 0
48  14.95323929   6.18094115  11.75570505 0
49  12.88957045   9.78071431  11.75570505 0
50   9.14077134  13.35101862  11.75570505 0
51   3.99837416  15.67853319  11.75570505 0
52  -0.73528337  16.16362451  11.75570505 0
53  -7.45471885  14.36072999  11.75570505 0
54 -10.89815733  11.95966411  11.75570505 0
55 -13.93135461   8.22926227  11.75570505 0
56 -15.93084969   2.83044644  11.75570505 0
57 -15.86981005  -3.15476272  11.75570505 0
58 -14.34330257  -7.48819539  11.75570505 0
59 -11.52309642 -11.35876964  11.75570505 0
60  -5.68538505 -15.14859055  11.75570505 0
61  -1.12900565 -16.14090286  11.75570505 0
62   3.66892778 -15.75888219  11.75570505 0
63   8.26712710 -13.90891831  11.75570505 0
64  12.33109670 -10.47604186  11.75570505 0
65  15.32136856  -5.20183280  11.75570505 0
66  11.75505235  -0.12387638  16.18033989 0
67  10.19296425   5.85662709  16.18033989 0
68   7.31983930   9.19872566  16.18033989 0
69   0.77361357  11.73022264  16.18033989 0
70  -4.47984736  10.86865073  16.18033989 0
71  -8.33665167   8.28835569  16.18033989 0
72 -11.55525213   2.16165431  16.18033989 0
73 -11.53483637  -2.26807212  16.18033989 0
74  -8.66556608  -7.94383821  16.18033989 0
75  -4.09364630 -11.01992110  16.18033989 0
76   0.79154434 -11.72902633  16.18033989 0
77   5.90134615 -10.16713897  16.18033989 0
78  10.63423199  -5.01095909  16.18033989 0
79   6.17434007   0.27226061  19.02113033 0
80   3.16020921   5.31127846  19.02113033 0
81  -2.68735519   5.56549398  19.02113033 0
82  -6.17971061  -0.08819256  19.02113033 0
83  -3.37573313  -5.17697083  19.02113033 0
84   3.29152072  -5.23091698  19.02113033 0
85  18.96798249   1.42092893  -6.18033989 0
86  18.33275373   5.07085195  -6.18033989 0
87  16.09678119  10.13395452  -6.18033989 0
88  13.20706462  13.68856614  -6.18033989 0
89   8.36791889  17.08160801  -6.18033989 0
90   3.25149717  18.74116232  -6.18033989 0
91  -3.85898745  18.62556347  -6.18033989 0
92  -7.21337250  17.60030273  -6.18033989 0
93 -12.02657796  14.73651320  -6.18033989 0
94 -15.85389306  10.50987505  -6.18033989 0
95 -18.41478411   4.76435989  -6.18033989 0
96 -18.99178779   1.05612278  -6.18033989 0
97 -17.91005322  -6.40573122  -6.18033989 0
98 -16.63558546  -9.22283554  -6.18033989 0
99 -12.54171123 -14.30066006  -6.18033989 0
100  -9.14599880 -16.67795266  -6.18033989 0
101  -1.96193919 -18.91967742  -6.18033989 0
102   3.29269589 -18.73396788  -6.18033989 0
103   7.12407866 -17.63663523  -6.18033989 0
104  12.85439006 -14.02027300  -6.18033989 0
105  16.09279834 -10.14027813  -6.18033989 0
106  18.51618110  -4.35366928  -6.18033989 0
107  16.17969460   0.14450485 -11.75570505 0
108  14.95323929   6.18094115 -11.75570505 0
109  12.88957045   9.78071431 -11.75570505 0
110   9.14077134  13.35101862 -11.75570505 0
111   3.99837416  15.67853319 -11.75570505 0
112  -0.73528337  16.16362451 -11.75570505 0
113  -7.45471885  14.36072999 -11.75570505 0
114 -10.89815733  11.95966411 -11.75570505 0
115 -13.93135461   8.22926227 -11.75570505 0
116 -15.93084969   2.83044644 -11.75570505 0
117 -15.86981005  -3.15476272 -11.75570505 0
118 -14.34330257  -7.48819539 -11.75570505 0
119 -11.52309642 -11.35876964 -11.75570505 0
120  -5.68538505 -15.14859055 -11.75570505 0
121  -1.12900565 -16.14090286 -11.75570505 0
122   3.66892778 -15.75888219 -11.75570505 0
123   8.26712710 -13.90891831 -11.75570505 0
124  12.33109670 -10.47604186 -11.75570505 0
125  15.32136856  -5.20183280 -11.75570505 0
126  11.75505235  -0.12387638 -16.18033989 0
127  10.19296425   5.85662709 -16.18033989 0
128   7.31983930   9.19872566 -16.18033989 0
129   0.77361357  11.73022264 -16.18033989 0
130  -4.47984736  10.86865073 -16.18033989 0
131  -8.33665167   8.28835569 -16.18033989 0
132 -11.55525213   2.16165431 -16.18033989 0
133 -11.53483637  -2.26807212 -16.18033989 0
134  -8.66556608  -7.94383821 -16.18033989 0
135  -4.09364630 -11.01992110 -16.18033989 0
136   0.79154434 -11.72902633 -16.18033989 0
137   5.90134615 -10.16713897 -16.18033989 0
138  10.63423199  -5.01095909 -16.18033989 0
139   6.17434007   0.27226061 -19.02113033 0
140   3.16020921   5.31127846 -19.02113033 0
141  -2.68735519   5.56549398 -19.02113033 0
142  -6.17971061  -0.08819256 -19.02113033 0
143  -3.37573313  -5.17697083 -19.02113033 0
144   3.29152072  -5.23091698 -19.02113033 0
282
0 79 80
0 79 84
0 80 81
0 81 82
0 82 83
0 83 84
1 2 25
1 2 85
1 24 46
1 24 106
1 25 46
1 85 106
2 3 26
2 3 86
2 25 26
2 85 86
3 4 27
3 4 87
3 26 27
3 86 87
4 5 28
4 5 88
4 27 28
4 87 88
5 6 29
5 6 89
5 28 29
5 88 89
6 7 30
6 7 90
6 29 30
6 89 90
7 8 31
7 8 91
7 30 31
7 90 91
8 9 32
8 9 92
8 31 32
8 91 92
9 10 33
9 10 93
9 32 33
9 92 93
10 11 34
10 11 94
10 33 34
10 93 94
11 12 35
11 12 95
11 34 35
11 94 95
12 13 36
12 13 96
12 35 36
12 95 96
13 14 36
13 14 96
14 15 37
14 15 97
14 36 37
14 96 97
15 16 38
15 16 98
15 37 38
15 97 98
16 17 39
16 17 99
16 38 39
16 98 99
17 18 40
17 18 100
17 39 40
17 99 100
18 19 41
18 19 101
18 40 41
18 100 101
19 20 42
19 20 102
19 41 42
19 101 102
20 21 43
20 21 103
20 42 43
20 102 103
21 22 44
21 22 104
21 43 44
21 103 104
22 23 45
22 23 105
22 44 45
22 104 105
23 24 45
23 24 105
24 45 46
24 105 106
25 26 47
25 46 47
26 27 48
26 47 48
27 28 49
27 48 49
28 29 50
28 49 50
29 30 51
29 50 51
30 31 52
30 51 52
31 32 53
31 52 53
32 33 53
33 34 54
33 53 54
34 35 55
34 54 55
35 36 56
35 55 56
36 37 57
36 56 57
37 38 58
37 57 58
38 39 59
38 58 59
39 40 59
40 41 60
40 59 60
41 42 61
41 60 61
42 43 62
42 61 62
43 44 63
43 62 63
44 45 64
44 63 64
45 46 65
45 64 65
46 47 65
47 48 66
47 65 66
48 49 67
48 66 67
49 50 68
49 67 68
50 51 68
51 52 69
51 68 69
52 53 70
52 69 70
53 54 71
53 70 71
54 55 71
55 56 72
55 71 72
56 57 73
56 72 73
57 58 73
58 59 74
58 73 74
59 60 75
59 74 75
60 61 75
61 62 76
61 75 76
62 63 77
62 76 77
63 64 77
64 65 78
64 77 78
65 66 78
66 67 79
66 78 79
67 68 80
67 79 80
68 69 80
69 70 81
69 80 81
70 71 81
71 72 82
71 81 82
72 73 82
73 74 82
74 75 83
74 82 83
75 76 83
76 77 84
76 83 84
77 78 84
78 79 84
85 86 107
85 106 107
86 87 108
86 107 108
87 88 109
87 108 109
88 89 110
88 109 110
89 90 111
89 110 111
90 91 112
90 111 112
91 92 113
91 112 113
92 93 113
93 94 114
93 113 114
94 95 115
94 114 115
95 96 116
95 115 116
96 97 117
96 116 117
97 98 118
97 117 118
98 99 119
98 118 119
99 100 119
100 101 120
100 119 120
101 102 121
101 120 121
102 103 122
102 121 122
103 104 123
103 122 123
104 105 124
104 123 124
105 106 125
105 124 125
106 107 125
107 108 126
107 125 126
108 109 127
108 126 127
109 110 128
109 127 128
110 111 128
111 112 129
111 128 129
112 113 130
112 129 130
113 114 131
113 130 131
114 115 131
115 116 132
115 131 132
116 117 133
116 132 133
117 118 133
118 119 134
118 133 134
119 120 135
119 134 135
120 121 135
121 122 136
121 135 136
122 123 137
122 136 137
123 124 137
124 125 138
124 137 138
125 126 138
126 127 139
126 138 139
127 128 140
127 139 140
128 129 140
129 130 141
129 140 141
130 131 141
131 132 142
131 141 142
132 133 142
133 134 142
134 135 143
134 142 143
135 136 143
136 137 144
136 143 144
137 138 144
138 139 144
