36 
111 3 
112 4 
114 6 
115 7 
117 9 
118 10 
120 12 
121 13 
123 15 
124 16 
126 18 
127 19 
219 3 
220 4 
222 6 
223 7 
225 9 
226 10 
228 12 
229 13 
231 15 
232 16 
234 18 
235 19 
327 3 
328 4 
330 6 
331 7 
333 9 
334 10 
336 12 
337 13 
339 15 
340 16 
342 18 
343 19 
36 
111 3 
112 4 
114 6 
115 7 
117 9 
118 10 
120 12 
121 13 
123 15 
124 16 
126 18 
127 19 
219 3 
220 4 
222 6 
223 7 
225 9 
226 10 
228 12 
229 13 
231 15 
232 16 
234 18 
235 19 
327 3 
328 4 
330 6 
331 7 
333 9 
334 10 
336 12 
337 13 
339 15 
340 16 
342 18 
343 19 
36 
111 3 
112 4 
114 6 
115 7 
117 9 
118 10 
120 12 
121 13 
123 15 
124 16 
126 18 
127 19 
219 3 
220 4 
222 6 
223 7 
225 9 
226 10 
228 12 
229 13 
231 15 
232 16 
234 18 
235 19 
327 3 
328 4 
330 6 
331 7 
333 9 
334 10 
336 12 
337 13 
339 15 
340 16 
342 18 
343 19 
36 
111 3 
112 4 
114 6 
115 7 
117 9 
118 10 
120 12 
121 13 
123 15 
124 16 
126 18 
127 19 
219 3 
220 4 
222 6 
223 7 
225 9 
226 10 
228 12 
229 13 
231 15 
232 16 
234 18 
235 19 
327 3 
328 4 
330 6 
331 7 
333 9 
334 10 
336 12 
337 13 
339 15 
340 16 
342 18 
343 19 
36 
111 3 
112 4 
114 6 
115 7 
117 9 
118 10 
120 12 
121 13 
123 15 
124 16 
126 18 
127 19 
219 3 
220 4 
222 6 
223 7 
225 9 
226 10 
228 12 
229 13 
231 15 
232 16 
234 18 
235 19 
327 3 
328 4 
330 6 
331 7 
333 9 
334 10 
336 12 
337 13 
339 15 
340 16 
342 18 
343 19 
36 
111 3 
112 4 
114 6 
115 7 
117 9 
118 10 
120 12 
121 13 
123 15 
124 16 
126 18 
127 19 
219 3 
220 4 
222 6 
223 7 
225 9 
226 10 
228 12 
229 13 
231 15 
232 16 
234 18 
235 19 
327 3 
328 4 
330 6 
331 7 
333 9 
334 10 
336 12 
337 13 
339 15 
340 16 
342 18 
343 19 
36 
111 3 
112 4 
114 6 
115 7 
117 9 
118 10 
120 12 
121 13 
123 15 
124 16 
126 18 
127 19 
219 3 
220 4 
222 6 
223 7 
225 9 
226 10 
228 12 
229 13 
231 15 
232 16 
234 18 
235 19 
327 3 
328 4 
330 6 
331 7 
333 9 
334 10 
336 12 
337 13 
339 15 
340 16 
342 18 
343 19 
36 
111 3 
112 4 
114 6 
115 7 
117 9 
118 10 
120 12 
121 13 
123 15 
124 16 
126 18 
127 19 
219 3 
220 4 
222 6 
223 7 
225 9 
226 10 
228 12 
229 13 
231 15 
232 16 
234 18 
235 19 
327 3 
328 4 
330 6 
331 7 
333 9 
334 10 
336 12 
337 13 
339 15 
340 16 
342 18 
343 19 
36 
111 3 
112 4 
114 6 
115 7 
117 9 
118 10 
120 12 
121 13 
123 15 
124 16 
126 18 
127 19 
219 3 
220 4 
222 6 
223 7 
225 9 
226 10 
228 12 
229 13 
231 15 
232 16 
234 18 
235 19 
327 3 
328 4 
330 6 
331 7 
333 9 
334 10 
336 12 
337 13 
339 15 
340 16 
342 18 
343 19 
36 
111 3 
112 4 
114 6 
115 7 
117 9 
118 10 
120 12 
121 13 
123 15 
124 16 
126 18 
127 19 
219 3 
220 4 
222 6 
223 7 
225 9 
226 10 
228 12 
229 13 
231 15 
232 16 
234 18 
235 19 
327 3 
328 4 
330 6 
331 7 
333 9 
334 10 
336 12 
337 13 
339 15 
340 16 
342 18 
343 19 
36 
111 3 
112 4 
114 6 
115 7 
117 9 
118 10 
120 12 
121 13 
123 15 
124 16 
126 18 
127 19 
219 3 
220 4 
222 6 
223 7 
225 9 
226 10 
228 12 
229 13 
231 15 
232 16 
234 18 
235 19 
327 3 
328 4 
330 6 
331 7 
333 9 
334 10 
336 12 
337 13 
339 15 
340 16 
342 18 
343 19 
