5 10 
0.000000 0.000000 0.026197 0.000000 0.000000 0.026104 0.000000 0.000000 0.051016 0.000000 0.000000 0.032249 0.000000 0.000000 0.026197 
0.000000 0.000000 0.026197 0.000000 0.000000 0.026104 0.000000 0.000000 0.051016 0.000000 0.000000 0.032249 0.000000 0.000000 0.026197 
0.000000 0.000000 0.026197 0.000000 0.000000 0.026104 0.000000 0.000000 0.051016 0.000000 0.000000 0.032249 0.000000 0.000000 0.026197 
0.000000 0.000000 0.026197 0.000000 0.000000 0.026104 0.000000 0.000000 0.051016 0.000000 0.000000 0.032249 0.000000 0.000000 0.026197 
0.000000 0.000000 0.026197 0.000000 0.000000 0.026104 0.000000 0.000000 0.051016 0.000000 0.000000 0.032249 0.000000 0.000000 0.026197 
0.000000 0.000000 0.026197 0.000000 0.000000 0.026104 0.000000 0.000000 0.051016 0.000000 0.000000 0.032249 0.000000 0.000000 0.026197 
0.000000 0.000000 0.026197 0.000000 0.000000 0.026104 0.000000 0.000000 0.051016 0.000000 0.000000 0.032249 0.000000 0.000000 0.026197 
0.000000 0.000000 0.026197 0.000000 0.000000 0.026104 0.000000 0.000000 0.051016 0.000000 0.000000 0.032249 0.000000 0.000000 0.026197 
0.000000 0.000000 0.026197 0.000000 0.000000 0.026104 0.000000 0.000000 0.051016 0.000000 0.000000 0.032249 0.000000 0.000000 0.026197 
0.000000 0.000000 0.026197 0.000000 0.000000 0.026104 0.000000 0.000000 0.051016 0.000000 0.000000 0.032249 0.000000 0.000000 0.026197 
0 0 0 0 0 
0 0 0 0 0 
0 0 0 0 0 
0 0 0 0 0 
0 0 0 0 0 
0 0 0 0 0 
0 0 0 0 0 
0 0 0 0 0 
0 0 0 0 0 
0 0 0 0 0 
