5 10 
0.000000 0.000000 0.077536 0.000000 0.000000 0.086978 0.000000 0.000000 0.059516 0.000000 0.000000 0.057364 0.000000 0.000000 0.077536 
0.000000 0.000000 0.077536 0.000000 0.000000 0.086978 0.000000 0.000000 0.059516 0.000000 0.000000 0.057364 0.000000 0.000000 0.077536 
0.000000 0.000000 0.077536 0.000000 0.000000 0.086978 0.000000 0.000000 0.059516 0.000000 0.000000 0.057364 0.000000 0.000000 0.077536 
0.000000 0.000000 0.077536 0.000000 0.000000 0.086978 0.000000 0.000000 0.059516 0.000000 0.000000 0.057364 0.000000 0.000000 0.077536 
0.000000 0.000000 0.077536 0.000000 0.000000 0.086978 0.000000 0.000000 0.059516 0.000000 0.000000 0.057364 0.000000 0.000000 0.077536 
0.000000 0.000000 0.077536 0.000000 0.000000 0.086978 0.000000 0.000000 0.059516 0.000000 0.000000 0.057364 0.000000 0.000000 0.077536 
0.000000 0.000000 0.077536 0.000000 0.000000 0.086978 0.000000 0.000000 0.059516 0.000000 0.000000 0.057364 0.000000 0.000000 0.077536 
0.000000 0.000000 0.077536 0.000000 0.000000 0.086978 0.000000 0.000000 0.059516 0.000000 0.000000 0.057364 0.000000 0.000000 0.077536 
0.000000 0.000000 0.077536 0.000000 0.000000 0.086978 0.000000 0.000000 0.059516 0.000000 0.000000 0.057364 0.000000 0.000000 0.077536 
0.000000 0.000000 0.077536 0.000000 0.000000 0.086978 0.000000 0.000000 0.059516 0.000000 0.000000 0.057364 0.000000 0.000000 0.077536 
180 180 180 180 180 
180 180 180 180 180 
180 180 180 180 180 
180 180 180 180 180 
180 180 180 180 180 
180 180 180 180 180 
180 180 180 180 180 
180 180 180 180 180 
180 180 180 180 180 
180 180 180 180 180 
