5 10 
0.003915 0.000000 0.000000 0.002610 0.000000 0.000000 0.005873 0.000000 0.000000 0.003915 0.000000 0.000000 0.003915 0.000000 0.000000 
0.003915 0.000000 0.000000 0.002610 0.000000 0.000000 0.005873 0.000000 0.000000 0.003915 0.000000 0.000000 0.003915 0.000000 0.000000 
0.003915 0.000000 0.000000 0.002610 0.000000 0.000000 0.005873 0.000000 0.000000 0.003915 0.000000 0.000000 0.003915 0.000000 0.000000 
0.003915 0.000000 0.000000 0.002610 0.000000 0.000000 0.005873 0.000000 0.000000 0.003915 0.000000 0.000000 0.003915 0.000000 0.000000 
0.003915 0.000000 0.000000 0.002610 0.000000 0.000000 0.005873 0.000000 0.000000 0.003915 0.000000 0.000000 0.003915 0.000000 0.000000 
0.003915 0.000000 0.000000 0.002610 0.000000 0.000000 0.005873 0.000000 0.000000 0.003915 0.000000 0.000000 0.003915 0.000000 0.000000 
0.003915 0.000000 0.000000 0.002610 0.000000 0.000000 0.005873 0.000000 0.000000 0.003915 0.000000 0.000000 0.003915 0.000000 0.000000 
0.003915 0.000000 0.000000 0.002610 0.000000 0.000000 0.005873 0.000000 0.000000 0.003915 0.000000 0.000000 0.003915 0.000000 0.000000 
0.003915 0.000000 0.000000 0.002610 0.000000 0.000000 0.005873 0.000000 0.000000 0.003915 0.000000 0.000000 0.003915 0.000000 0.000000 
0.003915 0.000000 0.000000 0.002610 0.000000 0.000000 0.005873 0.000000 0.000000 0.003915 0.000000 0.000000 0.003915 0.000000 0.000000 
180 180 0 180 180 
180 180 0 180 180 
180 180 0 180 180 
180 180 0 180 180 
180 180 0 180 180 
180 180 0 180 180 
180 180 0 180 180 
180 180 0 180 180 
180 180 0 180 180 
180 180 0 180 180 
