21 12
0.033689 0.023549 0.000000 0.031750 0.023545 0.000000 0.029950 0.023882 0.000000 0.029777 0.025628 0.000000 0.031538 0.028257 0.000000 0.034393 0.031140 0.000000 0.034616 0.032277 0.000000 0.033935 0.035157 0.000000 0.033467 0.034662 0.000000 0.032287 0.037358 0.000000 0.030657 0.041863 0.000000 0.024391 0.043083 0.000000 0.020389 0.039899 0.000000 0.021524 0.041606 0.000000 0.031558 0.040668 0.000000 0.037569 0.044101 0.000000 0.039668 0.034780 0.000000 0.037892 0.031201 0.000000 0.037604 0.029788 0.000000 0.038646 0.031077 0.000000 0.039604 0.032695 0.000000 
0.035600 0.023495 0.000000 0.033781 0.023668 0.000000 0.031359 0.022929 0.000000 0.028672 0.023047 0.000000 0.028914 0.025374 0.000000 0.031074 0.028021 0.000000 0.032834 0.037200 0.000000 0.033909 0.034625 0.000000 0.035281 0.033892 0.000000 0.032049 0.032433 0.000000 0.030737 0.040821 0.000000 0.051935 0.028785 0.000000 0.034990 0.004662 0.000000 0.026236 0.020364 0.000000 0.056696 0.032079 0.000000 0.028974 0.043104 0.000000 0.036342 0.029277 0.000000 0.036998 0.028879 0.000000 0.037514 0.028874 0.000000 0.040523 0.034273 0.000000 0.040104 0.032048 0.000000 
0.038629 0.022724 0.000000 0.038058 0.023864 0.000000 0.035528 0.023768 0.000000 0.031094 0.018905 0.000000 0.022283 0.018792 0.000000 0.026541 0.022183 0.000000 0.028029 0.028464 0.000000 0.034862 0.046809 0.000000 0.035308 0.027176 0.000000 0.036166 0.026411 0.000000 0.035104 0.025768 0.000000 0.048275 0.030668 0.000000 0.016982 0.025016 0.000000 0.036112 0.046944 0.000000 0.051287 0.022243 0.000000 0.037277 0.040003 0.000000 0.031818 0.022921 0.000000 0.023252 0.001699 0.000000 0.043633 0.045438 0.000000 0.041066 0.030716 0.000000 0.041952 0.031076 0.000000 
0.040412 0.021979 0.000000 0.042052 0.021170 0.000000 0.042829 0.027128 0.000000 0.038601 0.025075 0.000000 0.032339 0.004139 0.000000 0.015967 -0.005681 0.000000 0.032532 0.022094 0.000000 0.028944 0.029948 0.000000 0.022978 -0.006083 0.000000 0.040007 0.027219 0.000000 0.045832 0.039327 0.000000 0.037587 0.039629 0.000000 0.044523 0.014064 0.000000 0.043568 0.040773 0.000000 0.029910 0.018162 0.000000 0.040652 0.023295 0.000000 0.048083 0.051639 0.000000 0.044000 0.021619 0.000000 0.033696 0.015158 0.000000 0.044164 0.028135 0.000000 0.044043 0.026301 0.000000 
0.042739 0.025064 0.000000 0.038576 0.017594 0.000000 0.050946 0.015863 0.000000 0.052717 0.049444 0.000000 0.024332 0.028458 0.000000 0.022325 0.009955 0.000000 0.022722 0.034831 0.000000 0.011718 0.023167 0.000000 0.031184 0.028711 0.000000 0.051174 0.034468 0.000000 0.028596 0.036763 0.000000 0.039485 0.040264 0.000000 0.050509 0.055913 0.000000 0.044633 0.021500 0.000000 0.032566 0.027328 0.000000 0.040838 0.029197 0.000000 0.043551 0.030051 0.000000 0.030936 0.040247 0.000000 0.047247 0.026710 0.000000 0.046574 0.019729 0.000000 0.050592 0.021708 0.000000 
0.038899 0.031905 0.000000 0.028489 0.050328 0.000000 0.040104 0.032562 0.000000 0.032741 0.020166 0.000000 0.020768 0.019205 0.000000 0.027028 0.029250 0.000000 0.027117 0.017389 0.000000 0.033650 0.018190 0.000000 0.041348 0.012713 0.000000 0.032678 0.024029 0.000000 0.035836 0.030297 0.000000 0.059733 0.036292 0.000000 0.039144 0.037280 0.000000 0.055151 0.042062 0.000000 0.009438 0.003067 0.000000 0.014609 0.027541 0.000000 0.031762 0.035713 0.000000 0.035034 0.017520 0.000000 0.041609 0.017080 0.000000 0.060692 0.016914 0.000000 0.055327 0.017193 0.000000 
0.038899 0.031905 0.000000 0.028489 0.050328 0.000000 0.040104 0.032562 0.000000 0.032741 0.020166 0.000000 0.020768 0.019205 0.000000 0.027028 0.029250 0.000000 0.027117 0.017389 0.000000 0.033650 0.018190 0.000000 0.041348 0.012713 0.000000 0.032678 0.024029 0.000000 0.035836 0.030297 0.000000 0.059733 0.036292 0.000000 0.039144 0.037280 0.000000 0.055151 0.042062 0.000000 0.009438 0.003067 0.000000 0.014609 0.027541 0.000000 0.031762 0.035713 0.000000 0.035034 0.017520 0.000000 0.041609 0.017080 0.000000 0.060692 0.016914 0.000000 0.055327 0.017193 0.000000 
0.042739 0.025064 0.000000 0.038576 0.017594 0.000000 0.050946 0.015863 0.000000 0.052717 0.049444 0.000000 0.024332 0.028458 0.000000 0.022325 0.009955 0.000000 0.022722 0.034831 0.000000 0.011718 0.023167 0.000000 0.031184 0.028711 0.000000 0.051174 0.034468 0.000000 0.028596 0.036763 0.000000 0.039485 0.040264 0.000000 0.050509 0.055913 0.000000 0.044633 0.021500 0.000000 0.032566 0.027328 0.000000 0.040838 0.029197 0.000000 0.043551 0.030051 0.000000 0.030936 0.040247 0.000000 0.047247 0.026710 0.000000 0.046574 0.019729 0.000000 0.050592 0.021708 0.000000 
0.040412 0.021979 0.000000 0.042052 0.021170 0.000000 0.042829 0.027128 0.000000 0.038601 0.025075 0.000000 0.032339 0.004139 0.000000 0.015967 -0.005681 0.000000 0.032532 0.022094 0.000000 0.028944 0.029948 0.000000 0.022978 -0.006083 0.000000 0.040007 0.027219 0.000000 0.045832 0.039327 0.000000 0.037587 0.039629 0.000000 0.044523 0.014064 0.000000 0.043568 0.040773 0.000000 0.029910 0.018162 0.000000 0.040652 0.023295 0.000000 0.048083 0.051639 0.000000 0.044000 0.021619 0.000000 0.033696 0.015158 0.000000 0.044164 0.028135 0.000000 0.044043 0.026301 0.000000 
0.038629 0.022724 0.000000 0.038058 0.023864 0.000000 0.035528 0.023768 0.000000 0.031094 0.018905 0.000000 0.022283 0.018792 0.000000 0.026541 0.022183 0.000000 0.028029 0.028464 0.000000 0.034862 0.046809 0.000000 0.035308 0.027176 0.000000 0.036166 0.026411 0.000000 0.035104 0.025768 0.000000 0.048275 0.030668 0.000000 0.016982 0.025016 0.000000 0.036112 0.046944 0.000000 0.051287 0.022243 0.000000 0.037277 0.040003 0.000000 0.031818 0.022921 0.000000 0.023252 0.001699 0.000000 0.043633 0.045438 0.000000 0.041066 0.030716 0.000000 0.041952 0.031076 0.000000 
0.035600 0.023495 0.000000 0.033781 0.023668 0.000000 0.031359 0.022929 0.000000 0.028672 0.023047 0.000000 0.028914 0.025374 0.000000 0.031074 0.028021 0.000000 0.032834 0.037200 0.000000 0.033909 0.034625 0.000000 0.035281 0.033892 0.000000 0.032049 0.032433 0.000000 0.030737 0.040821 0.000000 0.051935 0.028785 0.000000 0.034990 0.004662 0.000000 0.026236 0.020364 0.000000 0.056696 0.032079 0.000000 0.028974 0.043104 0.000000 0.036342 0.029277 0.000000 0.036998 0.028879 0.000000 0.037514 0.028874 0.000000 0.040523 0.034273 0.000000 0.040104 0.032048 0.000000 
0.033689 0.023549 0.000000 0.031750 0.023545 0.000000 0.029950 0.023882 0.000000 0.029777 0.025628 0.000000 0.031538 0.028257 0.000000 0.034393 0.031140 0.000000 0.034616 0.032277 0.000000 0.033935 0.035157 0.000000 0.033467 0.034662 0.000000 0.032287 0.037358 0.000000 0.030657 0.041863 0.000000 0.024391 0.043083 0.000000 0.020389 0.039899 0.000000 0.021524 0.041606 0.000000 0.031558 0.040668 0.000000 0.037569 0.044101 0.000000 0.039668 0.034780 0.000000 0.037892 0.031201 0.000000 0.037604 0.029788 0.000000 0.038646 0.031077 0.000000 0.039604 0.032695 0.000000 
168.160561 171.031745 172.757942 173.253191 0.000000 162.489500 162.489500 72.489500 97.100442 97.100442 101.859544 105.505533 103.187571 91.025643 92.102119 96.687151 113.503264 111.343301 108.388503 105.343557 104.389424 
164.880088 168.569850 171.767443 173.253191 3.969688 -6.770406 72.489500 76.592294 77.811675 84.656133 92.341339 21.377750 26.443500 169.423500 155.048000 42.911333 110.911308 109.615331 104.206877 103.435291 102.163113 
157.474938 162.443816 167.310201 173.253191 3.471979 3.969688 94.986667 72.489500 80.695089 80.250438 -4.662333 182.399500 124.517750 158.721857 92.003143 93.629000 122.384750 91.662000 79.542000 97.710492 98.471993 
145.335257 153.550831 157.146789 165.587632 0.918750 95.527500 26.943000 129.027667 88.615667 81.424750 65.623667 181.951398 80.762667 86.980143 128.822000 35.573000 124.636714 120.465000 94.654400 94.270197 96.184056 
129.360048 135.986333 153.760000 65.402200 72.084146 151.201333 114.761250 113.088667 26.966000 28.204333 172.936333 154.680000 22.082200 1.310400 119.511000 171.098000 41.946167 72.328000 91.584714 96.571478 93.838892 
135.328778 182.574250 138.291055 130.689000 90.513111 56.320000 87.969833 90.683000 95.807500 164.086833 22.284500 28.931500 179.499000 12.629500 66.499000 29.187000 129.904200 98.774000 109.371800 90.675000 92.190493 
-135.328778 -182.574250 -138.291055 -130.689000 -90.513111 -56.320000 -87.969833 -90.683000 -95.807500 -164.086833 -22.284500 -28.931500 -179.499000 -12.629500 -66.499000 -29.187000 -129.904200 -98.774000 -109.371800 -90.675000 -92.190493 
-129.360048 -135.986333 -153.760000 -65.402200 -72.084146 -151.201333 -114.761250 -113.088667 -26.966000 -28.204333 -172.936333 -154.680000 -22.082200 -1.310400 -119.511000 -171.098000 -41.946167 -72.328000 -91.584714 -96.571478 -93.838892 
-145.335257 -153.550831 -157.146789 -165.587632 -0.918750 -95.527500 -26.943000 -129.027667 -88.615667 -81.424750 -65.623667 -181.951398 -80.762667 -86.980143 -128.822000 -35.573000 -124.636714 -120.465000 -94.654400 -94.270197 -96.184056 
-157.474938 -162.443816 -167.310201 -173.253191 -3.471979 -3.969688 -94.986667 -72.489500 -80.695089 -80.250438 4.662333 -182.399500 -124.517750 -158.721857 -92.003143 -93.629000 -122.384750 -91.662000 -79.542000 -97.710492 -98.471993 
-164.880088 -168.569850 -171.767443 -173.253191 -3.969688 6.770406 -72.489500 -76.592294 -77.811675 -84.656133 -92.341339 -21.377750 -26.443500 -169.423500 -155.048000 -42.911333 -110.911308 -109.615331 -104.206877 -103.435291 -102.163113 
-168.160561 -171.031745 -172.757942 -173.253191 -0.000000 -162.489500 -162.489500 -72.489500 -97.100442 -97.100442 -101.859544 -105.505533 -103.187571 -91.025643 -92.102119 -96.687151 -113.503264 -111.343301 -108.388503 -105.343557 -104.389424 
