21 12
0.054503 0.025246 0.000000 0.053287 0.028207 0.000000 0.051617 0.031665 0.000000 0.049786 0.033609 0.000000 0.032466 0.048495 0.000000 0.029180 0.046302 0.000000 0.029240 0.041411 0.000000 0.032578 0.031188 0.000000 0.022873 0.037021 0.000000 0.016143 0.045018 0.000000 0.045695 0.021282 0.000000 0.045806 0.031279 0.000000 0.030287 -0.006261 0.000000 0.041212 0.028589 0.000000 0.045192 0.033938 0.000000 0.054507 0.042259 0.000000 0.055246 0.041069 0.000000 0.055053 0.043901 0.000000 0.042881 0.037356 0.000000 0.037495 0.040304 0.000000 0.034685 0.042530 0.000000 
0.055176 0.023704 0.000000 0.055048 0.023831 0.000000 0.053191 0.029121 0.000000 0.051837 0.032228 0.000000 0.036079 0.048972 0.000000 0.031945 0.050018 0.000000 0.047183 0.026062 0.000000 0.034965 0.026863 0.000000 0.024588 0.034102 0.000000 0.041612 0.015309 0.000000 0.056515 0.001247 0.000000 0.040677 0.010068 0.000000 0.036785 0.043514 0.000000 0.031334 0.038778 0.000000 0.043540 0.043311 0.000000 0.055834 0.030653 0.000000 0.069350 0.056562 0.000000 0.032591 0.026098 0.000000 0.037677 0.038747 0.000000 0.031871 0.044752 0.000000 0.032197 0.047181 0.000000 
0.056319 0.023919 0.000000 0.055890 0.018697 0.000000 0.059259 0.015606 0.000000 0.051401 0.034559 0.000000 0.041670 0.050296 0.000000 0.040783 0.048533 0.000000 0.053714 0.028366 0.000000 0.051758 0.021844 0.000000 0.013229 -0.000112 0.000000 0.049411 0.021087 0.000000 0.037334 0.029054 0.000000 0.050807 0.022221 0.000000 0.053300 0.019800 0.000000 0.029730 0.027614 0.000000 0.045272 0.039070 0.000000 0.048197 0.035757 0.000000 0.048395 0.029533 0.000000 0.042684 0.022238 0.000000 0.045818 0.019105 0.000000 0.056385 0.027122 0.000000 0.027163 0.050636 0.000000 
0.055632 0.028764 0.000000 0.058319 0.023993 0.000000 0.051282 0.004562 0.000000 0.050211 0.036380 0.000000 0.066925 0.042255 0.000000 0.057745 0.024392 0.000000 0.054093 0.037689 0.000000 0.049728 0.028007 0.000000 0.033849 0.022321 0.000000 0.029295 0.015781 0.000000 0.013871 0.026892 0.000000 0.030733 0.039611 0.000000 0.029081 0.018595 0.000000 0.042007 0.028491 0.000000 0.037828 0.046733 0.000000 0.050906 0.040783 0.000000 0.047613 0.041898 0.000000 0.048027 0.022853 0.000000 0.037312 0.019926 0.000000 0.050028 0.021754 0.000000 0.054388 0.023475 0.000000 
0.054611 0.035862 0.000000 0.052940 0.035736 0.000000 0.065765 0.036036 0.000000 0.053793 0.001169 0.000000 0.049010 0.048606 0.000000 0.047392 0.044757 0.000000 0.047511 0.040059 0.000000 0.033713 0.028772 0.000000 0.042903 0.032305 0.000000 0.034446 0.026811 0.000000 0.033213 0.028897 0.000000 0.048547 0.025970 0.000000 0.048211 0.037056 0.000000 0.043876 0.037263 0.000000 0.043329 0.034082 0.000000 0.039881 0.035121 0.000000 0.041194 0.031762 0.000000 0.037337 0.049150 0.000000 0.051880 0.019076 0.000000 0.053230 0.018028 0.000000 0.057644 0.022655 0.000000 
0.053237 0.039680 0.000000 0.053440 0.043530 0.000000 0.054524 0.036981 0.000000 0.045209 0.029448 0.000000 0.046700 0.035321 0.000000 0.048971 0.039656 0.000000 0.029348 0.030645 0.000000 0.034480 0.030966 0.000000 0.034339 0.024756 0.000000 0.041298 0.041588 0.000000 0.045377 0.031114 0.000000 0.045694 0.033060 0.000000 0.043466 0.049674 0.000000 0.039050 0.043029 0.000000 0.063880 0.035804 0.000000 0.038066 0.042534 0.000000 0.049139 0.019394 0.000000 0.033250 0.036629 0.000000 0.053214 0.021512 0.000000 0.060651 0.019159 0.000000 0.058853 0.019458 0.000000 
0.053237 0.039680 0.000000 0.053440 0.043530 0.000000 0.054524 0.036981 0.000000 0.045209 0.029448 0.000000 0.046700 0.035321 0.000000 0.048971 0.039656 0.000000 0.029348 0.030645 0.000000 0.034480 0.030966 0.000000 0.034339 0.024756 0.000000 0.041298 0.041588 0.000000 0.045377 0.031114 0.000000 0.045694 0.033060 0.000000 0.043466 0.049674 0.000000 0.039050 0.043029 0.000000 0.063880 0.035804 0.000000 0.038066 0.042534 0.000000 0.049139 0.019394 0.000000 0.033250 0.036629 0.000000 0.053214 0.021512 0.000000 0.060651 0.019159 0.000000 0.058853 0.019458 0.000000 
0.054611 0.035862 0.000000 0.052940 0.035736 0.000000 0.065765 0.036036 0.000000 0.053793 0.001169 0.000000 0.049010 0.048606 0.000000 0.047392 0.044757 0.000000 0.047511 0.040059 0.000000 0.033713 0.028772 0.000000 0.042903 0.032305 0.000000 0.034446 0.026811 0.000000 0.033213 0.028897 0.000000 0.048547 0.025970 0.000000 0.048211 0.037056 0.000000 0.043876 0.037263 0.000000 0.043329 0.034082 0.000000 0.039881 0.035121 0.000000 0.041194 0.031762 0.000000 0.037337 0.049150 0.000000 0.051880 0.019076 0.000000 0.053230 0.018028 0.000000 0.057644 0.022655 0.000000 
0.055632 0.028764 0.000000 0.058319 0.023993 0.000000 0.051282 0.004562 0.000000 0.050211 0.036380 0.000000 0.066925 0.042255 0.000000 0.057745 0.024392 0.000000 0.054093 0.037689 0.000000 0.049728 0.028007 0.000000 0.033849 0.022321 0.000000 0.029295 0.015781 0.000000 0.013871 0.026892 0.000000 0.030733 0.039611 0.000000 0.029081 0.018595 0.000000 0.042007 0.028491 0.000000 0.037828 0.046733 0.000000 0.050906 0.040783 0.000000 0.047613 0.041898 0.000000 0.048027 0.022853 0.000000 0.037312 0.019926 0.000000 0.050028 0.021754 0.000000 0.054388 0.023475 0.000000 
0.056319 0.023919 0.000000 0.055890 0.018697 0.000000 0.059259 0.015606 0.000000 0.051401 0.034559 0.000000 0.041670 0.050296 0.000000 0.040783 0.048533 0.000000 0.053714 0.028366 0.000000 0.051758 0.021844 0.000000 0.013229 -0.000112 0.000000 0.049411 0.021087 0.000000 0.037334 0.029054 0.000000 0.050807 0.022221 0.000000 0.053300 0.019800 0.000000 0.029730 0.027614 0.000000 0.045272 0.039070 0.000000 0.048197 0.035757 0.000000 0.048395 0.029533 0.000000 0.042684 0.022238 0.000000 0.045818 0.019105 0.000000 0.056385 0.027122 0.000000 0.027163 0.050636 0.000000 
0.055176 0.023704 0.000000 0.055048 0.023831 0.000000 0.053191 0.029121 0.000000 0.051837 0.032228 0.000000 0.036079 0.048972 0.000000 0.031945 0.050018 0.000000 0.047183 0.026062 0.000000 0.034965 0.026863 0.000000 0.024588 0.034102 0.000000 0.041612 0.015309 0.000000 0.056515 0.001247 0.000000 0.040677 0.010068 0.000000 0.036785 0.043514 0.000000 0.031334 0.038778 0.000000 0.043540 0.043311 0.000000 0.055834 0.030653 0.000000 0.069350 0.056562 0.000000 0.032591 0.026098 0.000000 0.037677 0.038747 0.000000 0.031871 0.044752 0.000000 0.032197 0.047181 0.000000 
0.054503 0.025246 0.000000 0.053287 0.028207 0.000000 0.051617 0.031665 0.000000 0.049786 0.033609 0.000000 0.032466 0.048495 0.000000 0.029180 0.046302 0.000000 0.029240 0.041411 0.000000 0.032578 0.031188 0.000000 0.022873 0.037021 0.000000 0.016143 0.045018 0.000000 0.045695 0.021282 0.000000 0.045806 0.031279 0.000000 0.030287 -0.006261 0.000000 0.041212 0.028589 0.000000 0.045192 0.033938 0.000000 0.054507 0.042259 0.000000 0.055246 0.041069 0.000000 0.055053 0.043901 0.000000 0.042881 0.037356 0.000000 0.037495 0.040304 0.000000 0.034685 0.042530 0.000000 
173.030971 172.908281 169.220651 163.865043 69.118902 65.872375 63.731879 148.206490 142.342506 135.862883 43.776783 152.964000 171.562000 151.340667 152.085806 158.387019 169.990984 175.391550 186.946609 17.825239 28.703870 
170.621651 175.562980 -6.058788 -10.144302 72.620531 68.863799 155.021447 147.310392 148.151617 48.045133 33.478000 30.620000 52.936500 49.523500 59.862500 -14.606750 157.682000 18.501667 186.785683 28.703870 28.129435 
164.318285 169.697058 9.393000 -7.348894 75.494950 80.250999 151.318950 166.435000 33.336000 74.790333 50.576200 35.224333 53.447429 48.732600 62.563000 -2.372214 19.084571 120.870200 141.610000 117.555000 27.902642 
155.129081 156.884021 158.570000 7.166158 82.662000 160.203000 122.049600 156.588200 72.625000 89.933667 118.592800 151.508667 98.546667 5.640833 88.252091 15.435364 31.098385 89.913000 117.982000 117.449057 111.821019 
145.121161 148.814083 130.759000 36.118000 109.549000 24.556444 67.522286 137.360000 67.972857 151.757571 68.443375 39.394167 49.449467 1.592667 30.536000 133.015333 64.634538 183.683364 109.639286 100.459000 109.652019 
141.200208 133.586333 82.341000 48.233250 69.983667 81.374286 160.913111 157.101000 21.541167 69.420500 127.508143 147.118200 87.172500 35.359556 31.724800 117.234583 102.691833 -11.505667 110.494400 111.048000 93.486333 
-141.200208 -133.586333 -82.341000 -48.233250 -69.983667 -81.374286 -160.913111 -157.101000 -21.541167 -69.420500 -127.508143 -147.118200 -87.172500 -35.359556 -31.724800 -117.234583 -102.691833 11.505667 -110.494400 -111.048000 -93.486333 
-145.121161 -148.814083 -130.759000 -36.118000 -109.549000 -24.556444 -67.522286 -137.360000 -67.972857 -151.757571 -68.443375 -39.394167 -49.449467 -1.592667 -30.536000 -133.015333 -64.634538 -183.683364 -109.639286 -100.459000 -109.652019 
-155.129081 -156.884021 -158.570000 -7.166158 -82.662000 -160.203000 -122.049600 -156.588200 -72.625000 -89.933667 -118.592800 -151.508667 -98.546667 -5.640833 -88.252091 -15.435364 -31.098385 -89.913000 -117.982000 -117.449057 -111.821019 
-164.318285 -169.697058 -9.393000 7.348894 -75.494950 -80.250999 -151.318950 -166.435000 -33.336000 -74.790333 -50.576200 -35.224333 -53.447429 -48.732600 -62.563000 2.372214 -19.084571 -120.870200 -141.610000 -117.555000 -27.902642 
-170.621651 -175.562980 6.058788 10.144302 -72.620531 -68.863799 -155.021447 -147.310392 -148.151617 -48.045133 -33.478000 -30.620000 -52.936500 -49.523500 -59.862500 14.606750 -157.682000 -18.501667 -186.785683 -28.703870 -28.129435 
-173.030971 -172.908281 -169.220651 -163.865043 -69.118902 -65.872375 -63.731879 -148.206490 -142.342506 -135.862883 -43.776783 -152.964000 -171.562000 -151.340667 -152.085806 -158.387019 -169.990984 -175.391550 -186.946609 -17.825239 -28.703870 
