21 12
0.039533 0.008276 0.000000 0.042155 0.012359 0.000000 0.043382 0.018351 0.000000 0.042532 0.021593 0.000000 0.040712 0.020063 0.000000 0.014005 0.039942 0.000000 0.011319 0.042514 0.000000 0.009545 0.049751 0.000000 0.010193 0.051351 0.000000 0.048226 0.012160 0.000000 0.038077 0.018737 0.000000 0.040403 0.018489 0.000000 0.039169 0.028470 0.000000 0.039164 0.028393 0.000000 0.035301 0.022357 0.000000 0.037525 0.021771 0.000000 0.040562 0.018025 0.000000 0.039871 0.033229 0.000000 0.038974 0.036643 0.000000 0.037612 0.038343 0.000000 0.036146 0.038232 0.000000 
0.035467 0.006379 0.000000 0.040470 0.005582 0.000000 0.042160 0.012691 0.000000 0.044891 0.020207 0.000000 0.041378 0.023894 0.000000 0.021932 0.040459 0.000000 0.007847 0.035937 0.000000 0.004991 0.042949 0.000000 0.066187 0.012567 0.000000 0.046253 0.009262 0.000000 0.039905 0.005591 0.000000 0.038115 0.024831 0.000000 0.053140 0.005854 0.000000 0.044300 0.031182 0.000000 0.029203 0.030987 0.000000 0.000000 0.000000 0.000000 0.043120 0.039075 0.000000 0.037871 0.036437 0.000000 0.039054 0.040138 0.000000 0.034685 0.038125 0.000000 0.035562 0.039646 0.000000 
0.035224 0.011783 0.000000 0.015327 -0.012899 0.000000 0.039097 -0.017730 0.000000 0.042846 0.027421 0.000000 0.044763 0.031728 0.000000 0.026548 0.038984 0.000000 0.022421 0.037473 0.000000 -0.012360 0.018902 0.000000 0.000000 0.000000 0.000000 0.038428 0.007762 0.000000 0.057689 0.043234 0.000000 0.041020 0.016534 0.000000 0.062575 0.021546 0.000000 0.042646 0.011980 0.000000 0.050154 0.023234 0.000000 0.038014 0.019852 0.000000 0.025848 0.026942 0.000000 0.054322 0.048832 0.000000 0.032343 0.025419 0.000000 0.034370 0.042451 0.000000 0.032621 0.042519 0.000000 
0.036115 0.021228 0.000000 0.039448 0.023683 0.000000 0.039566 0.028726 0.000000 0.053826 0.023844 0.000000 0.048910 0.029146 0.000000 0.042705 0.027174 0.000000 0.024373 0.046507 0.000000 0.021333 0.043678 0.000000 0.050943 0.053759 0.000000 0.048310 0.040118 0.000000 0.036340 0.016800 0.000000 0.044958 0.038211 0.000000 0.038704 0.044634 0.000000 0.042292 0.020930 0.000000 0.044559 0.033625 0.000000 0.037542 0.033941 0.000000 0.047079 0.038563 0.000000 0.032969 0.023631 0.000000 0.042400 0.048545 0.000000 0.046860 0.028689 0.000000 0.029564 0.048684 0.000000 
0.041067 0.027628 0.000000 0.038073 0.035954 0.000000 0.038221 0.044948 0.000000 0.050543 0.031884 0.000000 0.049280 0.022576 0.000000 0.069843 0.024614 0.000000 0.022663 0.038690 0.000000 0.058796 0.025325 0.000000 0.017659 0.030805 0.000000 0.047548 0.025768 0.000000 0.053454 0.041688 0.000000 0.034858 0.016862 0.000000 0.059245 0.026129 0.000000 0.053297 0.036408 0.000000 0.060140 0.048918 0.000000 0.068014 0.028588 0.000000 0.037063 0.021524 0.000000 0.052650 0.022968 0.000000 0.043407 0.040880 0.000000 0.056419 0.025311 0.000000 0.050642 0.034732 0.000000 
0.035215 0.034508 0.000000 0.051113 0.015946 0.000000 0.053110 0.022303 0.000000 0.058502 0.047855 0.000000 0.042004 0.036052 0.000000 0.070738 0.035748 0.000000 0.043276 0.054299 0.000000 0.064520 0.047531 0.000000 0.030271 0.032676 0.000000 -0.006073 0.006488 0.000000 0.042983 0.038393 0.000000 0.004120 -0.000530 0.000000 0.039235 0.039076 0.000000 0.034962 0.016028 0.000000 0.032229 0.030348 0.000000 0.033655 0.009836 0.000000 0.056170 0.040062 0.000000 0.038481 0.036865 0.000000 0.037394 0.045548 0.000000 0.046945 0.048493 0.000000 0.051194 0.041857 0.000000 
0.035215 0.034508 0.000000 0.051113 0.015946 0.000000 0.053110 0.022303 0.000000 0.058502 0.047855 0.000000 0.042004 0.036052 0.000000 0.070738 0.035748 0.000000 0.043276 0.054299 0.000000 0.064520 0.047531 0.000000 0.030271 0.032676 0.000000 -0.006073 0.006488 0.000000 0.042983 0.038393 0.000000 0.004120 -0.000530 0.000000 0.039235 0.039076 0.000000 0.034962 0.016028 0.000000 0.032229 0.030348 0.000000 0.033655 0.009836 0.000000 0.056170 0.040062 0.000000 0.038481 0.036865 0.000000 0.037394 0.045548 0.000000 0.046945 0.048493 0.000000 0.051194 0.041857 0.000000 
0.041067 0.027628 0.000000 0.038073 0.035954 0.000000 0.038221 0.044948 0.000000 0.050543 0.031884 0.000000 0.049280 0.022576 0.000000 0.069843 0.024614 0.000000 0.022663 0.038690 0.000000 0.058796 0.025325 0.000000 0.017659 0.030805 0.000000 0.047548 0.025768 0.000000 0.053454 0.041688 0.000000 0.034858 0.016862 0.000000 0.059245 0.026129 0.000000 0.053297 0.036408 0.000000 0.060140 0.048918 0.000000 0.068014 0.028588 0.000000 0.037063 0.021524 0.000000 0.052650 0.022968 0.000000 0.043407 0.040880 0.000000 0.056419 0.025311 0.000000 0.050642 0.034732 0.000000 
0.036115 0.021228 0.000000 0.039448 0.023683 0.000000 0.039566 0.028726 0.000000 0.053826 0.023844 0.000000 0.048910 0.029146 0.000000 0.042705 0.027174 0.000000 0.024373 0.046507 0.000000 0.021333 0.043678 0.000000 0.050943 0.053759 0.000000 0.048310 0.040118 0.000000 0.036340 0.016800 0.000000 0.044958 0.038211 0.000000 0.038704 0.044634 0.000000 0.042292 0.020930 0.000000 0.044559 0.033625 0.000000 0.037542 0.033941 0.000000 0.047079 0.038563 0.000000 0.032969 0.023631 0.000000 0.042400 0.048545 0.000000 0.046860 0.028689 0.000000 0.029564 0.048684 0.000000 
0.035224 0.011783 0.000000 0.015327 -0.012899 0.000000 0.039097 -0.017730 0.000000 0.042846 0.027421 0.000000 0.044763 0.031728 0.000000 0.026548 0.038984 0.000000 0.022421 0.037473 0.000000 -0.012360 0.018902 0.000000 0.000000 0.000000 0.000000 0.038428 0.007762 0.000000 0.057689 0.043234 0.000000 0.041020 0.016534 0.000000 0.062575 0.021546 0.000000 0.042646 0.011980 0.000000 0.050154 0.023234 0.000000 0.038014 0.019852 0.000000 0.025848 0.026942 0.000000 0.054322 0.048832 0.000000 0.032343 0.025419 0.000000 0.034370 0.042451 0.000000 0.032621 0.042519 0.000000 
0.035467 0.006379 0.000000 0.040470 0.005582 0.000000 0.042160 0.012691 0.000000 0.044891 0.020207 0.000000 0.041378 0.023894 0.000000 0.021932 0.040459 0.000000 0.007847 0.035937 0.000000 0.004991 0.042949 0.000000 0.066187 0.012567 0.000000 0.046253 0.009262 0.000000 0.039905 0.005591 0.000000 0.038115 0.024831 0.000000 0.053140 0.005854 0.000000 0.044300 0.031182 0.000000 0.029203 0.030987 0.000000 0.000000 0.000000 0.000000 0.043120 0.039075 0.000000 0.037871 0.036437 0.000000 0.039054 0.040138 0.000000 0.034685 0.038125 0.000000 0.035562 0.039646 0.000000 
0.039533 0.008276 0.000000 0.042155 0.012359 0.000000 0.043382 0.018351 0.000000 0.042532 0.021593 0.000000 0.040712 0.020063 0.000000 0.014005 0.039942 0.000000 0.011319 0.042514 0.000000 0.009545 0.049751 0.000000 0.010193 0.051351 0.000000 0.048226 0.012160 0.000000 0.038077 0.018737 0.000000 0.040403 0.018489 0.000000 0.039169 0.028470 0.000000 0.039164 0.028393 0.000000 0.035301 0.022357 0.000000 0.037525 0.021771 0.000000 0.040562 0.018025 0.000000 0.039871 0.033229 0.000000 0.038974 0.036643 0.000000 0.037612 0.038343 0.000000 0.036146 0.038232 0.000000 
173.890315 180.538543 8.652979 18.114586 24.836402 119.393394 122.683462 126.943091 127.149932 35.313235 34.180985 29.908246 27.680187 24.302896 15.168965 14.098788 13.742063 23.552731 23.552731 0.000000 0.000000 
168.341239 172.791162 180.171487 187.672865 21.834490 113.281323 122.215396 128.294038 40.113000 34.879455 32.079500 125.584000 17.788500 117.440000 -3.408425 173.764000 123.363400 20.460658 19.429967 -0.702874 10.904406 
158.703073 161.332180 161.008000 173.890498 16.794938 107.868304 109.760269 128.591881 54.711000 19.426525 28.067250 174.634000 188.201750 17.056667 -12.440000 162.196333 96.267387 137.047323 77.689847 10.904406 200.112468 
151.860520 148.828432 155.320801 28.978000 10.837061 93.010000 106.487551 110.951644 43.384964 5.285945 98.415000 67.892633 65.073880 182.766125 36.509250 166.616174 139.304743 26.464000 15.702840 119.320530 18.098868 
145.420948 135.662690 130.156495 12.571010 4.121000 0.208000 108.297283 17.866500 82.931794 27.720063 14.915200 48.422483 31.671985 1.503150 11.766460 182.037986 177.641365 21.847948 119.755064 104.071667 111.696099 
135.000000 142.013465 25.160000 172.060000 104.270000 29.071020 124.860252 183.421500 92.997500 27.216333 61.560332 -2.004750 59.494397 104.947667 123.403216 21.149484 -9.243016 13.980327 172.995000 79.464000 104.071667 
-135.000000 -142.013465 -25.160000 -172.060000 -104.270000 -29.071020 -124.860252 -183.421500 -92.997500 -27.216333 -61.560332 2.004750 -59.494397 -104.947667 -123.403216 -21.149484 9.243016 -13.980327 -172.995000 -79.464000 -104.071667 
-145.420948 -135.662690 -130.156495 -12.571010 -4.121000 -0.208000 -108.297283 -17.866500 -82.931794 -27.720063 -14.915200 -48.422483 -31.671985 -1.503150 -11.766460 -182.037986 -177.641365 -21.847948 -119.755064 -104.071667 -111.696099 
-151.860520 -148.828432 -155.320801 -28.978000 -10.837061 -93.010000 -106.487551 -110.951644 -43.384964 -5.285945 -98.415000 -67.892633 -65.073880 -182.766125 -36.509250 -166.616174 -139.304743 -26.464000 -15.702840 -119.320530 -18.098868 
-158.703073 -161.332180 -161.008000 -173.890498 -16.794938 -107.868304 -109.760269 -128.591881 -54.711000 -19.426525 -28.067250 -174.634000 -188.201750 -17.056667 12.440000 -162.196333 -96.267387 -137.047323 -77.689847 -10.904406 -200.112468 
-168.341239 -172.791162 -180.171487 -187.672865 -21.834490 -113.281323 -122.215396 -128.294038 -40.113000 -34.879455 -32.079500 -125.584000 -17.788500 -117.440000 3.408425 -173.764000 -123.363400 -20.460658 -19.429967 0.702874 -10.904406 
-173.890315 -180.538543 -8.652979 -18.114586 -24.836402 -119.393394 -122.683462 -126.943091 -127.149932 -35.313235 -34.180985 -29.908246 -27.680187 -24.302896 -15.168965 -14.098788 -13.742063 -23.552731 -23.552731 -0.000000 -0.000000 
