41 10 
82.270000 82.270000 82.270000 82.270000 82.270000 82.270000 82.270000 82.270000 82.270000 82.270000 82.270000 82.270000 82.270000 82.270000 82.270000 82.270000 82.270000 82.270000 82.270000 82.270000 82.270000 82.270000 82.270000 82.270000 82.270000 82.270000 82.270000 82.270000 82.270000 82.270000 82.270000 82.270000 82.270000 82.270000 82.270000 82.270000 82.270000 82.270000 82.270000 82.270000 82.270000 
82.270000 82.270000 82.270000 82.270000 82.270000 82.270000 82.270000 82.270000 82.270000 82.270000 82.270000 82.270000 82.270000 82.270000 82.270000 82.270000 82.270000 82.270000 82.270000 82.270000 82.270000 82.270000 82.270000 82.270000 82.270000 82.270000 82.270000 82.270000 82.270000 82.270000 82.270000 82.270000 82.270000 82.270000 82.270000 82.270000 82.270000 82.270000 82.270000 82.270000 82.270000 
82.270000 82.270000 82.270000 82.270000 82.270000 82.270000 82.270000 82.270000 82.270000 82.270000 82.270000 82.270000 82.270000 82.270000 82.270000 82.270000 82.270000 82.270000 82.270000 82.270000 82.270000 82.270000 82.270000 82.270000 82.270000 82.270000 82.270000 82.270000 82.270000 82.270000 82.270000 82.270000 82.270000 82.270000 82.270000 82.270000 82.270000 82.270000 82.270000 82.270000 82.270000 
82.270000 82.270000 82.270000 82.270000 82.270000 82.270000 82.270000 82.270000 82.270000 82.270000 82.270000 82.270000 82.270000 82.270000 82.270000 82.270000 82.270000 82.270000 82.270000 82.270000 82.270000 82.270000 82.270000 82.270000 82.270000 82.270000 82.270000 82.270000 82.270000 82.270000 82.270000 82.270000 82.270000 82.270000 82.270000 82.270000 82.270000 82.270000 82.270000 82.270000 82.270000 
82.270000 82.270000 82.270000 82.270000 82.270000 82.270000 82.270000 82.270000 82.270000 82.270000 82.270000 82.270000 82.270000 82.270000 82.270000 82.270000 82.270000 82.270000 82.270000 82.270000 82.270000 82.270000 82.270000 82.270000 82.270000 82.270000 82.270000 82.270000 82.270000 82.270000 82.270000 82.270000 82.270000 82.270000 82.270000 82.270000 82.270000 82.270000 82.270000 82.270000 82.270000 
82.270000 82.270000 82.270000 82.270000 82.270000 82.270000 82.270000 82.270000 82.270000 82.270000 82.270000 82.270000 82.270000 82.270000 82.270000 82.270000 82.270000 82.270000 82.270000 82.270000 82.270000 82.270000 82.270000 82.270000 82.270000 82.270000 82.270000 82.270000 82.270000 82.270000 82.270000 82.270000 82.270000 82.270000 82.270000 82.270000 82.270000 82.270000 82.270000 82.270000 82.270000 
82.270000 82.270000 82.270000 82.270000 82.270000 82.270000 82.270000 82.270000 82.270000 82.270000 82.270000 82.270000 82.270000 82.270000 82.270000 82.270000 82.270000 82.270000 82.270000 82.270000 82.270000 82.270000 82.270000 82.270000 82.270000 82.270000 82.270000 82.270000 82.270000 82.270000 82.270000 82.270000 82.270000 82.270000 82.270000 82.270000 82.270000 82.270000 82.270000 82.270000 82.270000 
82.270000 82.270000 82.270000 82.270000 82.270000 82.270000 82.270000 82.270000 82.270000 82.270000 82.270000 82.270000 82.270000 82.270000 82.270000 82.270000 82.270000 82.270000 82.270000 82.270000 82.270000 82.270000 82.270000 82.270000 82.270000 82.270000 82.270000 82.270000 82.270000 82.270000 82.270000 82.270000 82.270000 82.270000 82.270000 82.270000 82.270000 82.270000 82.270000 82.270000 82.270000 
82.270000 82.270000 82.270000 82.270000 82.270000 82.270000 82.270000 82.270000 82.270000 82.270000 82.270000 82.270000 82.270000 82.270000 82.270000 82.270000 82.270000 82.270000 82.270000 82.270000 82.270000 82.270000 82.270000 82.270000 82.270000 82.270000 82.270000 82.270000 82.270000 82.270000 82.270000 82.270000 82.270000 82.270000 82.270000 82.270000 82.270000 82.270000 82.270000 82.270000 82.270000 
82.270000 82.270000 82.270000 82.270000 82.270000 82.270000 82.270000 82.270000 82.270000 82.270000 82.270000 82.270000 82.270000 82.270000 82.270000 82.270000 82.270000 82.270000 82.270000 82.270000 82.270000 82.270000 82.270000 82.270000 82.270000 82.270000 82.270000 82.270000 82.270000 82.270000 82.270000 82.270000 82.270000 82.270000 82.270000 82.270000 82.270000 82.270000 82.270000 82.270000 82.270000 
