13 10 
265.270000 265.270000 265.270000 265.270000 265.270000 265.270000 265.270000 265.270000 265.270000 265.270000 265.270000 265.270000 265.270000 
265.270000 265.270000 265.270000 265.270000 265.270000 265.270000 265.270000 265.270000 265.270000 265.270000 265.270000 265.270000 265.270000 
265.270000 265.270000 265.270000 265.270000 265.270000 265.270000 265.270000 265.270000 265.270000 265.270000 265.270000 265.270000 265.270000 
265.270000 265.270000 265.270000 265.270000 265.270000 265.270000 265.270000 265.270000 265.270000 265.270000 265.270000 265.270000 265.270000 
265.270000 265.270000 265.270000 265.270000 265.270000 265.270000 265.270000 265.270000 265.270000 265.270000 265.270000 265.270000 265.270000 
265.270000 265.270000 265.270000 265.270000 265.270000 265.270000 265.270000 265.270000 265.270000 265.270000 265.270000 265.270000 265.270000 
265.270000 265.270000 265.270000 265.270000 265.270000 265.270000 265.270000 265.270000 265.270000 265.270000 265.270000 265.270000 265.270000 
265.270000 265.270000 265.270000 265.270000 265.270000 265.270000 265.270000 265.270000 265.270000 265.270000 265.270000 265.270000 265.270000 
265.270000 265.270000 265.270000 265.270000 265.270000 265.270000 265.270000 265.270000 265.270000 265.270000 265.270000 265.270000 265.270000 
265.270000 265.270000 265.270000 265.270000 265.270000 265.270000 265.270000 265.270000 265.270000 265.270000 265.270000 265.270000 265.270000 
