55 20
1600.000000 1600.000000 1600.000000 1600.000000 1600.000000 1600.000000 1600.000000 1600.000000 1600.000000 1600.000000 1600.000000 1600.000000 1600.000000 1600.000000 1600.000000 1600.000000 1600.000000 1600.000000 1600.000000 1600.000000 1600.000000 1600.000000 1600.000000 1600.000000 1600.000000 1600.000000 1600.000000 1600.000000 1600.000000 1600.000000 1600.000000 1600.000000 1600.000000 1600.000000 1600.000000 1600.000000 1600.000000 1600.000000 1600.000000 1600.000000 1600.000000 1600.000000 1600.000000 1600.000000 1600.000000 1600.000000 1600.000000 1600.000000 1600.000000 1600.000000 1600.000000 1600.000000 1600.000000 1600.000000 1600.000000 
1600.000000 1600.000000 1600.000000 1600.000000 1600.000000 1600.000000 1600.000000 1600.000000 1600.000000 1600.000000 1600.000000 1600.000000 1600.000000 1600.000000 1600.000000 1600.000000 1600.000000 1600.000000 1600.000000 1600.000000 1600.000000 1600.000000 1600.000000 1600.000000 1600.000000 1600.000000 1600.000000 1600.000000 1600.000000 1600.000000 1600.000000 1600.000000 1600.000000 1600.000000 1600.000000 1600.000000 1600.000000 1600.000000 1600.000000 1600.000000 1600.000000 1600.000000 1600.000000 1600.000000 1600.000000 1600.000000 1600.000000 1600.000000 1600.000000 1600.000000 1600.000000 1600.000000 1600.000000 1600.000000 1600.000000 
1600.000000 1600.000000 1600.000000 1600.000000 1600.000000 1600.000000 1600.000000 1600.000000 1600.000000 1600.000000 1600.000000 1600.000000 1600.000000 1600.000000 1600.000000 1600.000000 1600.000000 1600.000000 1600.000000 1600.000000 1600.000000 1600.000000 1600.000000 1600.000000 1600.000000 1600.000000 1600.000000 1600.000000 1600.000000 1600.000000 1600.000000 1600.000000 1600.000000 1600.000000 1600.000000 1600.000000 1600.000000 1600.000000 1600.000000 1600.000000 1600.000000 1600.000000 1600.000000 1600.000000 1600.000000 1600.000000 1600.000000 1600.000000 1600.000000 1600.000000 1600.000000 1600.000000 1600.000000 1600.000000 1600.000000 
1600.000000 1600.000000 1600.000000 1600.000000 1600.000000 1600.000000 1600.000000 1600.000000 1600.000000 1600.000000 1600.000000 1600.000000 1600.000000 1600.000000 1600.000000 1600.000000 1600.000000 1600.000000 1600.000000 1600.000000 1600.000000 1600.000000 1600.000000 1600.000000 1600.000000 1600.000000 1600.000000 1600.000000 1600.000000 1600.000000 1600.000000 1600.000000 1600.000000 1600.000000 1600.000000 1600.000000 1600.000000 1600.000000 1600.000000 1600.000000 1600.000000 1600.000000 1600.000000 1600.000000 1600.000000 1600.000000 1600.000000 1600.000000 1600.000000 1600.000000 1600.000000 1600.000000 1600.000000 1600.000000 1600.000000 
1600.000000 1600.000000 1600.000000 1600.000000 1600.000000 1600.000000 1600.000000 1600.000000 1600.000000 1600.000000 1600.000000 1600.000000 1600.000000 1600.000000 1600.000000 1600.000000 1600.000000 1600.000000 1600.000000 1600.000000 1600.000000 1600.000000 1600.000000 1600.000000 1600.000000 1600.000000 1600.000000 1600.000000 1600.000000 1600.000000 1600.000000 1600.000000 1600.000000 1600.000000 1600.000000 1600.000000 1600.000000 1600.000000 1600.000000 1600.000000 1600.000000 1600.000000 1600.000000 1600.000000 1600.000000 1600.000000 1600.000000 1600.000000 1600.000000 1600.000000 1600.000000 1600.000000 1600.000000 1600.000000 1600.000000 
1600.000000 1600.000000 1600.000000 1600.000000 1600.000000 1600.000000 1600.000000 1600.000000 1600.000000 1600.000000 1600.000000 1600.000000 1600.000000 1600.000000 1600.000000 1600.000000 1600.000000 1600.000000 1600.000000 1600.000000 1600.000000 1600.000000 1600.000000 1600.000000 1600.000000 1600.000000 1600.000000 1600.000000 1600.000000 1600.000000 1600.000000 1600.000000 1600.000000 1600.000000 1600.000000 1600.000000 1600.000000 1600.000000 1600.000000 1600.000000 1600.000000 1600.000000 1600.000000 1600.000000 1600.000000 1600.000000 1600.000000 1600.000000 1600.000000 1600.000000 1600.000000 1600.000000 1600.000000 1600.000000 1600.000000 
1600.000000 1600.000000 1600.000000 1600.000000 1600.000000 1600.000000 1600.000000 1600.000000 1600.000000 1600.000000 1600.000000 1600.000000 1600.000000 1600.000000 1600.000000 1600.000000 1600.000000 1600.000000 1600.000000 1600.000000 1600.000000 1600.000000 1600.000000 1600.000000 1600.000000 1600.000000 1600.000000 1600.000000 1600.000000 1600.000000 1600.000000 1600.000000 1600.000000 1600.000000 1600.000000 1600.000000 1600.000000 1600.000000 1600.000000 1600.000000 1600.000000 1600.000000 1600.000000 1600.000000 1600.000000 1600.000000 1600.000000 1600.000000 1600.000000 1600.000000 1600.000000 1600.000000 1600.000000 1600.000000 1600.000000 
1600.000000 1600.000000 1600.000000 1600.000000 1600.000000 1600.000000 1600.000000 1600.000000 1600.000000 1600.000000 1600.000000 1600.000000 1600.000000 1600.000000 1600.000000 1600.000000 1600.000000 1600.000000 1600.000000 1600.000000 1600.000000 1600.000000 1600.000000 1600.000000 1600.000000 1600.000000 1600.000000 1600.000000 1600.000000 1600.000000 1600.000000 1600.000000 1600.000000 1600.000000 1600.000000 1600.000000 1600.000000 1600.000000 1600.000000 1600.000000 1600.000000 1600.000000 1600.000000 1600.000000 1600.000000 1600.000000 1600.000000 1600.000000 1600.000000 1600.000000 1600.000000 1600.000000 1600.000000 1600.000000 1600.000000 
1600.000000 1600.000000 1600.000000 1600.000000 1600.000000 1600.000000 1600.000000 1600.000000 1600.000000 1600.000000 1600.000000 1600.000000 1600.000000 1600.000000 1600.000000 1600.000000 1600.000000 1600.000000 1600.000000 1600.000000 1600.000000 1600.000000 1600.000000 1600.000000 1600.000000 1600.000000 1600.000000 1600.000000 1600.000000 1600.000000 1600.000000 1600.000000 1600.000000 1600.000000 1600.000000 1600.000000 1600.000000 1600.000000 1600.000000 1600.000000 1600.000000 1600.000000 1600.000000 1600.000000 1600.000000 1600.000000 1600.000000 1600.000000 1600.000000 1600.000000 1600.000000 1600.000000 1600.000000 1600.000000 1600.000000 
1600.000000 1600.000000 1600.000000 1600.000000 1600.000000 1600.000000 1600.000000 1600.000000 1600.000000 1600.000000 1600.000000 1600.000000 1600.000000 1600.000000 1600.000000 1600.000000 1600.000000 1600.000000 1600.000000 1600.000000 1600.000000 1600.000000 1600.000000 1600.000000 1600.000000 1600.000000 1600.000000 1600.000000 1600.000000 1600.000000 1600.000000 1600.000000 1600.000000 1600.000000 1600.000000 1600.000000 1600.000000 1600.000000 1600.000000 1600.000000 1600.000000 1600.000000 1600.000000 1600.000000 1600.000000 1600.000000 1600.000000 1600.000000 1600.000000 1600.000000 1600.000000 1600.000000 1600.000000 1600.000000 1600.000000 
1600.000000 1600.000000 1600.000000 1600.000000 1600.000000 1600.000000 1600.000000 1600.000000 1600.000000 1600.000000 1600.000000 1600.000000 1600.000000 1600.000000 1600.000000 1600.000000 1600.000000 1600.000000 1600.000000 1600.000000 1600.000000 1600.000000 1600.000000 1600.000000 1600.000000 1600.000000 1600.000000 1600.000000 1600.000000 1600.000000 1600.000000 1600.000000 1600.000000 1600.000000 1600.000000 1600.000000 1600.000000 1600.000000 1600.000000 1600.000000 1600.000000 1600.000000 1600.000000 1600.000000 1600.000000 1600.000000 1600.000000 1600.000000 1600.000000 1600.000000 1600.000000 1600.000000 1600.000000 1600.000000 1600.000000 
1600.000000 1600.000000 1600.000000 1600.000000 1600.000000 1600.000000 1600.000000 1600.000000 1600.000000 1600.000000 1600.000000 1600.000000 1600.000000 1600.000000 1600.000000 1600.000000 1600.000000 1600.000000 1600.000000 1600.000000 1600.000000 1600.000000 1600.000000 1600.000000 1600.000000 1600.000000 1600.000000 1600.000000 1600.000000 1600.000000 1600.000000 1600.000000 1600.000000 1600.000000 1600.000000 1600.000000 1600.000000 1600.000000 1600.000000 1600.000000 1600.000000 1600.000000 1600.000000 1600.000000 1600.000000 1600.000000 1600.000000 1600.000000 1600.000000 1600.000000 1600.000000 1600.000000 1600.000000 1600.000000 1600.000000 
1600.000000 1600.000000 1600.000000 1600.000000 1600.000000 1600.000000 1600.000000 1600.000000 1600.000000 1600.000000 1600.000000 1600.000000 1600.000000 1600.000000 1600.000000 1600.000000 1600.000000 1600.000000 1600.000000 1600.000000 1600.000000 1600.000000 1600.000000 1600.000000 1600.000000 1600.000000 1600.000000 1600.000000 1600.000000 1600.000000 1600.000000 1600.000000 1600.000000 1600.000000 1600.000000 1600.000000 1600.000000 1600.000000 1600.000000 1600.000000 1600.000000 1600.000000 1600.000000 1600.000000 1600.000000 1600.000000 1600.000000 1600.000000 1600.000000 1600.000000 1600.000000 1600.000000 1600.000000 1600.000000 1600.000000 
1600.000000 1600.000000 1600.000000 1600.000000 1600.000000 1600.000000 1600.000000 1600.000000 1600.000000 1600.000000 1600.000000 1600.000000 1600.000000 1600.000000 1600.000000 1600.000000 1600.000000 1600.000000 1600.000000 1600.000000 1600.000000 1600.000000 1600.000000 1600.000000 1600.000000 1600.000000 1600.000000 1600.000000 1600.000000 1600.000000 1600.000000 1600.000000 1600.000000 1600.000000 1600.000000 1600.000000 1600.000000 1600.000000 1600.000000 1600.000000 1600.000000 1600.000000 1600.000000 1600.000000 1600.000000 1600.000000 1600.000000 1600.000000 1600.000000 1600.000000 1600.000000 1600.000000 1600.000000 1600.000000 1600.000000 
1600.000000 1600.000000 1600.000000 1600.000000 1600.000000 1600.000000 1600.000000 1600.000000 1600.000000 1600.000000 1600.000000 1600.000000 1600.000000 1600.000000 1600.000000 1600.000000 1600.000000 1600.000000 1600.000000 1600.000000 1600.000000 1600.000000 1600.000000 1600.000000 1600.000000 1600.000000 1600.000000 1600.000000 1600.000000 1600.000000 1600.000000 1600.000000 1600.000000 1600.000000 1600.000000 1600.000000 1600.000000 1600.000000 1600.000000 1600.000000 1600.000000 1600.000000 1600.000000 1600.000000 1600.000000 1600.000000 1600.000000 1600.000000 1600.000000 1600.000000 1600.000000 1600.000000 1600.000000 1600.000000 1600.000000 
1600.000000 1600.000000 1600.000000 1600.000000 1600.000000 1600.000000 1600.000000 1600.000000 1600.000000 1600.000000 1600.000000 1600.000000 1600.000000 1600.000000 1600.000000 1600.000000 1600.000000 1600.000000 1600.000000 1600.000000 1600.000000 1600.000000 1600.000000 1600.000000 1600.000000 1600.000000 1600.000000 1600.000000 1600.000000 1600.000000 1600.000000 1600.000000 1600.000000 1600.000000 1600.000000 1600.000000 1600.000000 1600.000000 1600.000000 1600.000000 1600.000000 1600.000000 1600.000000 1600.000000 1600.000000 1600.000000 1600.000000 1600.000000 1600.000000 1600.000000 1600.000000 1600.000000 1600.000000 1600.000000 1600.000000 
1600.000000 1600.000000 1600.000000 1600.000000 1600.000000 1600.000000 1600.000000 1600.000000 1600.000000 1600.000000 1600.000000 1600.000000 1600.000000 1600.000000 1600.000000 1600.000000 1600.000000 1600.000000 1600.000000 1600.000000 1600.000000 1600.000000 1600.000000 1600.000000 1600.000000 1600.000000 1600.000000 1600.000000 1600.000000 1600.000000 1600.000000 1600.000000 1600.000000 1600.000000 1600.000000 1600.000000 1600.000000 1600.000000 1600.000000 1600.000000 1600.000000 1600.000000 1600.000000 1600.000000 1600.000000 1600.000000 1600.000000 1600.000000 1600.000000 1600.000000 1600.000000 1600.000000 1600.000000 1600.000000 1600.000000 
1600.000000 1600.000000 1600.000000 1600.000000 1600.000000 1600.000000 1600.000000 1600.000000 1600.000000 1600.000000 1600.000000 1600.000000 1600.000000 1600.000000 1600.000000 1600.000000 1600.000000 1600.000000 1600.000000 1600.000000 1600.000000 1600.000000 1600.000000 1600.000000 1600.000000 1600.000000 1600.000000 1600.000000 1600.000000 1600.000000 1600.000000 1600.000000 1600.000000 1600.000000 1600.000000 1600.000000 1600.000000 1600.000000 1600.000000 1600.000000 1600.000000 1600.000000 1600.000000 1600.000000 1600.000000 1600.000000 1600.000000 1600.000000 1600.000000 1600.000000 1600.000000 1600.000000 1600.000000 1600.000000 1600.000000 
1600.000000 1600.000000 1600.000000 1600.000000 1600.000000 1600.000000 1600.000000 1600.000000 1600.000000 1600.000000 1600.000000 1600.000000 1600.000000 1600.000000 1600.000000 1600.000000 1600.000000 1600.000000 1600.000000 1600.000000 1600.000000 1600.000000 1600.000000 1600.000000 1600.000000 1600.000000 1600.000000 1600.000000 1600.000000 1600.000000 1600.000000 1600.000000 1600.000000 1600.000000 1600.000000 1600.000000 1600.000000 1600.000000 1600.000000 1600.000000 1600.000000 1600.000000 1600.000000 1600.000000 1600.000000 1600.000000 1600.000000 1600.000000 1600.000000 1600.000000 1600.000000 1600.000000 1600.000000 1600.000000 1600.000000 
1600.000000 1600.000000 1600.000000 1600.000000 1600.000000 1600.000000 1600.000000 1600.000000 1600.000000 1600.000000 1600.000000 1600.000000 1600.000000 1600.000000 1600.000000 1600.000000 1600.000000 1600.000000 1600.000000 1600.000000 1600.000000 1600.000000 1600.000000 1600.000000 1600.000000 1600.000000 1600.000000 1600.000000 1600.000000 1600.000000 1600.000000 1600.000000 1600.000000 1600.000000 1600.000000 1600.000000 1600.000000 1600.000000 1600.000000 1600.000000 1600.000000 1600.000000 1600.000000 1600.000000 1600.000000 1600.000000 1600.000000 1600.000000 1600.000000 1600.000000 1600.000000 1600.000000 1600.000000 1600.000000 1600.000000 
