13 10 
426.600000 426.600000 426.600000 426.600000 426.600000 426.600000 426.600000 426.600000 426.600000 426.600000 426.600000 426.600000 426.600000 
426.600000 426.600000 426.600000 426.600000 426.600000 426.600000 426.600000 426.600000 426.600000 426.600000 426.600000 426.600000 426.600000 
426.600000 426.600000 426.600000 426.600000 426.600000 426.600000 426.600000 426.600000 426.600000 426.600000 426.600000 426.600000 426.600000 
426.600000 426.600000 426.600000 426.600000 426.600000 426.600000 426.600000 426.600000 426.600000 426.600000 426.600000 426.600000 426.600000 
426.600000 426.600000 426.600000 426.600000 426.600000 426.600000 426.600000 426.600000 426.600000 426.600000 426.600000 426.600000 426.600000 
426.600000 426.600000 426.600000 426.600000 426.600000 426.600000 426.600000 426.600000 426.600000 426.600000 426.600000 426.600000 426.600000 
426.600000 426.600000 426.600000 426.600000 426.600000 426.600000 426.600000 426.600000 426.600000 426.600000 426.600000 426.600000 426.600000 
426.600000 426.600000 426.600000 426.600000 426.600000 426.600000 426.600000 426.600000 426.600000 426.600000 426.600000 426.600000 426.600000 
426.600000 426.600000 426.600000 426.600000 426.600000 426.600000 426.600000 426.600000 426.600000 426.600000 426.600000 426.600000 426.600000 
426.600000 426.600000 426.600000 426.600000 426.600000 426.600000 426.600000 426.600000 426.600000 426.600000 426.600000 426.600000 426.600000 
