693
0 100.0000 0.0000 0.0000 1
1 99.8795 0.0000 4.9068 1
2 99.5185 0.0000 9.8017 1
3 98.9177 0.0000 14.6730 1
4 98.0785 0.0000 19.5090 1
5 97.0031 0.0000 24.2980 1
6 95.6940 0.0000 29.0285 1
7 94.1544 0.0000 33.6890 1
8 92.3880 0.0000 38.2683 1
9 90.3989 0.0000 42.7555 1
10 88.1921 0.0000 47.1397 1
11 85.7729 0.0000 51.4103 1
12 83.1470 0.0000 55.5570 1
13 80.3208 0.0000 59.5699 1
14 77.3010 0.0000 63.4393 1
15 74.0951 0.0000 67.1559 1
16 70.7107 0.0000 70.7107 1
17 67.1559 0.0000 74.0951 1
18 63.4393 0.0000 77.3010 1
19 59.5699 0.0000 80.3208 1
20 55.5570 0.0000 83.1470 1
21 51.4103 0.0000 85.7729 1
22 47.1397 0.0000 88.1921 1
23 42.7555 0.0000 90.3989 1
24 38.2683 0.0000 92.3880 1
25 33.6890 0.0000 94.1544 1
26 29.0285 0.0000 95.6940 1
27 24.2980 0.0000 97.0031 1
28 19.5090 0.0000 98.0785 1
29 14.6730 0.0000 98.9177 1
30 9.8017 0.0000 99.5185 1
31 4.9068 0.0000 99.8795 1
32 0.0000 0.0000 100.0000 1
33 100.0000 100.0000 0.0000 1
34 99.8795 100.0000 4.9068 0
35 99.5185 100.0000 9.8017 0
36 98.9177 100.0000 14.6730 0
37 98.0785 100.0000 19.5090 0
38 97.0031 100.0000 24.2980 0
39 95.6940 100.0000 29.0285 0
40 94.1544 100.0000 33.6890 0
41 92.3880 100.0000 38.2683 0
42 90.3989 100.0000 42.7555 0
43 88.1921 100.0000 47.1397 0
44 85.7729 100.0000 51.4103 0
45 83.1470 100.0000 55.5570 0
46 80.3208 100.0000 59.5699 0
47 77.3010 100.0000 63.4393 0
48 74.0951 100.0000 67.1559 0
49 70.7107 100.0000 70.7107 0
50 67.1559 100.0000 74.0951 0
51 63.4393 100.0000 77.3010 0
52 59.5699 100.0000 80.3208 0
53 55.5570 100.0000 83.1470 0
54 51.4103 100.0000 85.7729 0
55 47.1397 100.0000 88.1921 0
56 42.7555 100.0000 90.3989 0
57 38.2683 100.0000 92.3880 0
58 33.6890 100.0000 94.1544 0
59 29.0285 100.0000 95.6940 0
60 24.2980 100.0000 97.0031 0
61 19.5090 100.0000 98.0785 0
62 14.6730 100.0000 98.9177 0
63 9.8017 100.0000 99.5185 0
64 4.9068 100.0000 99.8795 0
65 0.0000 100.0000 100.0000 1
66 98.1128 85.0399 19.3358 0
67 33.7329 65.0315 94.1387 0
68 4.8569 49.9503 99.8820 0
69 94.1132 64.9761 33.8041 0
70 70.6630 34.9924 70.7584 0
71 24.2821 60.0041 97.0071 0
72 74.1377 89.9798 67.1088 0
73 47.1235 60.0359 88.2008 0
74 51.3943 39.9638 85.7824 0
75 95.6948 5.0357 29.0259 0
76 55.5455 80.0196 83.1547 0
77 83.1598 89.9950 55.5379 0
78 14.6704 55.0450 98.9180 0
79 55.5154 89.9780 83.1748 0
80 29.0232 80.0088 95.6956 0
81 99.5185 29.9969 9.8017 0
82 77.2948 55.0246 63.4470 0
83 83.1438 40.0361 55.5618 0
84 99.5185 44.9998 9.8017 0
85 55.5558 9.9729 83.1478 0
86 33.6475 84.9567 94.1692 0
87 100.0000 54.9733 0.0000 1
88 19.5452 50.0212 98.0713 0
89 94.1917 15.0438 33.5846 0
90 51.3742 29.9894 85.7944 0
91 77.3491 10.0145 63.3807 0
92 95.7337 69.9982 28.8975 0
93 98.0299 50.0123 19.7517 0
94 74.0682 10.0027 67.1856 0
95 51.4328 35.0107 85.7594 0
96 70.7195 79.9933 70.7018 0
97 4.8812 69.9929 99.8808 0
98 67.1069 35.0109 74.1395 0
99 80.3666 9.9595 59.5081 0
100 74.0487 45.0386 67.2071 0
101 80.2954 49.9509 59.6040 0
102 99.8795 49.9640 4.9068 0
103 70.7487 54.9595 70.6727 0
104 42.7408 75.0093 90.4059 0
105 0.0000 20.0168 100.0000 1
106 51.4251 74.9933 85.7640 0
107 51.3743 70.0252 85.7944 0
108 4.8809 5.0150 99.8808 0
109 59.6057 54.9584 80.2942 0
110 67.2031 74.9531 74.0523 0
111 14.7066 45.0336 98.9127 0
112 24.2530 5.0046 97.0144 0
113 19.5533 4.9821 98.0697 0
114 67.1865 30.0101 74.0673 0
115 88.2211 5.0299 47.0854 0
116 88.1471 19.9783 47.2238 0
117 33.7043 24.9990 94.1489 0
118 51.4576 90.0248 85.7445 0
119 70.7175 24.9799 70.7039 0
120 98.8933 15.0387 14.8365 0
121 96.9978 15.0316 24.3192 0
122 47.0995 10.0360 88.2136 0
123 90.3517 10.0399 42.8552 0
124 33.7290 45.0024 94.1401 0
125 77.2631 69.9678 63.4856 0
126 83.1676 35.0331 55.5262 0
127 38.2218 90.0258 92.4072 0
128 38.3141 34.9843 92.3690 0
129 80.3346 89.9843 59.5513 0
130 80.2924 30.0286 59.6081 0
131 51.4326 54.9779 85.7595 0
132 47.1479 49.9921 88.1877 0
133 55.5162 34.9524 83.1742 0
134 59.5690 34.9778 80.3214 0
135 24.2820 44.9787 97.0071 0
136 47.1068 74.9899 88.2097 0
137 100.0000 39.9704 0.0000 1
138 97.0198 89.9943 24.2315 0
139 19.5024 39.9675 98.0799 0
140 95.6634 45.0116 29.1294 0
141 33.6659 95.0060 94.1627 0
142 59.6144 30.0214 80.2877 0
143 100.0000 75.0459 0.0000 1
144 55.5846 45.0108 83.1286 0
145 51.4551 79.9560 85.7460 0
146 4.8836 20.0487 99.8807 0
147 29.0557 19.9975 95.6858 0
148 14.6911 34.9917 98.9150 0
149 99.5185 59.9713 9.8017 0
150 59.5582 44.9530 80.3294 0
151 47.1369 54.9833 88.1936 0
152 88.2397 45.0055 47.0505 0
153 63.4740 9.9908 77.2726 0
154 99.5185 55.0326 9.8017 0
155 33.7381 60.0024 94.1368 0
156 99.8795 25.0239 4.9068 0
157 99.8795 80.0469 4.9068 0
158 19.5415 90.0460 98.0721 0
159 85.7875 4.9880 51.3859 0
160 4.9044 45.0412 99.8797 0
161 95.6455 79.9657 29.1879 0
162 98.9148 5.0043 14.6922 0
163 95.6500 90.0158 29.1732 0
164 74.1341 69.9610 67.1129 0
165 29.0222 34.9780 95.6959 0
166 4.9553 80.0109 99.8771 0
167 19.4844 34.9633 98.0834 0
168 70.7152 45.0328 70.7062 0
169 9.8354 55.0333 99.5151 0
170 0.0000 25.0044 100.0000 1
171 98.9551 9.9621 14.4180 0
172 24.3337 40.0400 96.9942 0
173 59.5417 39.9577 80.3417 0
174 99.8795 5.0335 4.9068 0
175 88.1891 69.9914 47.1454 0
176 38.2686 84.9625 92.3878 0
177 85.7361 90.0370 51.4716 0
178 4.9171 29.9765 99.8790 0
179 74.1316 59.9558 67.1156 0
180 42.7513 90.0222 90.4009 0
181 92.3719 64.9901 38.3072 0
182 67.1586 80.0394 74.0927 0
183 98.1064 94.9569 19.3686 0
184 100.0000 24.9879 0.0000 1
185 67.1924 4.9920 74.0620 0
186 94.1284 20.0098 33.7616 0
187 29.0264 50.0399 95.6947 0
188 14.7165 70.0318 98.9112 0
189 9.8226 80.0243 99.5164 0
190 97.0431 4.9565 24.1379 0
191 74.0787 14.9504 67.1740 0
192 9.8345 75.0007 99.5152 0
193 92.3746 19.9727 38.3006 0
194 95.6975 49.9789 29.0170 0
195 63.3962 29.9585 77.3364 0
196 80.2776 39.9910 59.6281 0
197 94.1167 34.9943 33.7941 0
198 80.3606 24.9854 59.5161 0
199 77.2631 30.0069 63.4856 0
200 94.1919 79.9849 33.5840 0
201 38.2225 24.9642 92.4069 0
202 98.0362 5.0241 19.7207 0
203 98.9133 30.0168 14.7023 0
204 98.0985 40.0071 19.4086 0
205 85.7857 10.0378 51.3888 0
206 51.4265 95.0375 85.7631 0
207 95.6908 39.9641 29.0392 0
208 47.0965 5.0214 88.2152 0
209 51.3911 15.0171 85.7844 0
210 14.6883 15.0031 98.9154 0
211 92.4095 80.0005 38.2164 0
212 42.7543 64.9998 90.3995 0
213 4.9504 94.9889 99.8774 0
214 9.7634 34.9740 99.5222 0
215 99.5185 70.0339 9.8017 0
216 42.8025 44.9715 90.3767 0
217 9.8277 20.0084 99.5159 0
218 83.1373 75.0010 55.5715 0
219 59.5695 20.0151 80.3211 0
220 88.2165 54.9802 47.0941 0
221 98.8766 90.0326 14.9471 0
222 42.7445 15.0275 90.4042 0
223 42.7234 59.9609 90.4141 0
224 63.4798 25.0376 77.2678 0
225 80.3707 55.0364 59.5025 0
226 90.3526 80.0045 42.8533 0
227 38.3181 60.0011 92.3673 0
228 63.4767 89.9570 77.2704 0
229 80.3695 60.0423 59.5041 0
230 59.5764 94.9931 80.3160 0
231 33.6728 55.0221 94.1602 0
232 100.0000 69.9874 0.0000 1
233 33.7313 70.0046 94.1393 0
234 63.4367 59.9997 77.3032 0
235 95.6749 60.0451 29.0914 0
236 47.1879 90.0014 88.1663 0
237 92.4372 39.9956 38.1492 0
238 29.0211 84.9713 95.6963 0
239 98.8870 55.0333 14.8784 0
240 70.7333 40.0030 70.6880 0
241 33.7219 35.0012 94.1426 0
242 63.4445 4.9713 77.2968 0
243 38.2771 94.9643 92.3843 0
244 0.0000 75.0183 100.0000 1
245 42.7664 79.9720 90.3938 0
246 88.1828 75.0130 47.1572 0
247 33.6945 39.9628 94.1524 0
248 55.5239 29.9501 83.1691 0
249 98.9095 59.9988 14.7281 0
250 14.6390 20.0167 98.9227 0
251 80.2725 34.9620 59.6349 0
252 33.7342 15.0476 94.1382 0
253 92.3410 24.9994 38.3814 0
254 14.7093 4.9743 98.9123 0
255 63.4728 35.0314 77.2736 0
256 98.9305 19.9502 14.5858 0
257 99.5185 75.0404 9.8017 0
258 98.9357 69.9879 14.5509 0
259 77.3142 19.9743 63.4232 0
260 97.0103 10.0482 24.2695 0
261 19.5440 94.9783 98.0716 0
262 55.5753 14.9858 83.1348 0
263 47.1884 39.9584 88.1661 0
264 92.3630 15.0311 38.3286 0
265 80.2792 20.0031 59.6259 0
266 19.5391 15.0239 98.0725 0
267 55.5212 49.9938 83.1709 0
268 74.0802 39.9978 67.1724 0
269 94.1631 29.9646 33.6645 0
270 88.2327 85.0140 47.0638 0
271 96.9694 35.0066 24.4322 0
272 51.4534 5.0283 85.7470 0
273 67.1745 54.9966 74.0783 0
274 99.8795 15.0069 4.9068 0
275 29.0033 94.9819 95.7017 0
276 97.0442 70.0385 24.1334 0
277 95.7235 55.0426 28.9312 0
278 90.3668 25.0018 42.8233 0
279 94.1671 10.0413 33.6535 0
280 97.0195 59.9889 24.2325 0
281 9.8257 10.0318 99.5161 0
282 55.5671 24.9585 83.1403 0
283 24.3403 14.9554 96.9925 0
284 95.6967 24.9619 29.0196 0
285 74.0831 80.0313 67.1691 0
286 100.0000 20.0384 0.0000 1
287 19.5303 24.9878 98.0743 0
288 9.7766 69.9753 99.5209 0
289 85.7996 19.9550 51.3657 0
290 19.5276 70.0120 98.0748 0
291 0.0000 85.0477 100.0000 1
292 24.2864 94.9760 97.0060 0
293 98.1163 15.0306 19.3183 0
294 99.5185 89.9591 9.8017 0
295 90.4054 54.9687 42.7419 0
296 85.7760 94.9855 51.4050 0
297 33.6705 5.0227 94.1610 0
298 94.1560 25.0291 33.6846 0
299 19.4795 80.0178 98.0844 0
300 92.3432 90.0301 38.3762 0
301 99.5185 80.0446 9.8017 0
302 85.7320 45.0408 51.4784 0
303 33.6900 30.0115 94.1541 0
304 9.7833 49.9577 99.5203 0
305 83.1820 9.9645 55.5045 0
306 92.3750 45.0122 38.2996 0
307 29.0782 30.0017 95.6789 0
308 99.5185 84.9727 9.8017 0
309 42.7453 35.0197 90.4038 0
310 100.0000 5.0248 0.0000 1
311 77.2931 65.0311 63.4490 0
312 99.5185 39.9819 9.8017 0
313 14.7217 25.0218 98.9104 0
314 98.0698 79.9599 19.5526 0
315 29.0519 75.0137 95.6869 0
316 95.6514 9.9621 29.1686 0
317 99.8795 19.9997 4.9068 0
318 9.7540 4.9554 99.5232 0
319 33.6531 10.0393 94.1672 0
320 4.9033 65.0061 99.8797 0
321 0.0000 49.9568 100.0000 1
322 74.1349 64.9789 67.1120 0
323 42.7324 10.0094 90.4098 0
324 90.3965 59.9868 42.7606 0
325 90.4145 30.0438 42.7226 0
326 9.8138 39.9783 99.5173 0
327 9.7722 89.9939 99.5214 0
328 19.4618 65.0376 98.0879 0
329 94.1654 54.9704 33.6582 0
330 88.1941 34.9554 47.1359 0
331 19.5453 84.9943 98.0713 0
332 100.0000 30.0067 0.0000 1
333 63.4574 74.9871 77.2862 0
334 80.2786 69.9956 59.6268 0
335 67.1107 25.0238 74.1361 0
336 88.1459 60.0454 47.2260 0
337 63.4636 80.0437 77.2811 0
338 77.3024 49.9741 63.4377 0
339 77.2770 80.0259 63.4686 0
340 74.1444 34.9857 67.1014 0
341 98.1038 9.9610 19.3815 0
342 99.8795 84.9931 4.9068 0
343 74.1182 19.9761 67.1304 0
344 77.2605 74.9951 63.4887 0
345 14.6871 49.9632 98.9156 0
346 63.4346 85.0152 77.3049 0
347 77.3337 14.9808 63.3995 0
348 9.7920 30.0384 99.5194 0
349 47.1597 79.9742 88.1814 0
350 100.0000 44.9791 0.0000 1
351 92.3657 84.9506 38.3220 0
352 88.1796 79.9937 47.1631 0
353 85.7533 74.9791 51.4429 0
354 9.7760 15.0437 99.5210 0
355 29.0645 64.9897 95.6831 0
356 59.5679 75.0065 80.3223 0
357 99.8795 59.9770 4.9068 0
358 38.3173 54.9684 92.3677 0
359 55.5932 59.9533 83.1228 0
360 88.1753 10.0249 47.1711 0
361 38.2828 9.9669 92.3820 0
362 0.0000 45.0043 100.0000 1
363 95.6692 95.0079 29.1103 0
364 29.0700 25.0396 95.6814 0
365 74.0934 54.9943 67.1578 0
366 38.2495 74.9555 92.3957 0
367 24.3234 9.9632 96.9968 0
368 77.2866 59.9896 63.4569 0
369 24.3366 69.9521 96.9935 0
370 38.3028 39.9788 92.3737 0
371 47.1147 34.9988 88.2055 0
372 80.3437 4.9703 59.5390 0
373 29.0001 55.0476 95.7026 0
374 67.1652 64.9804 74.0867 0
375 88.2389 15.0396 47.0521 0
376 9.7707 84.9502 99.5215 0
377 98.9388 65.0368 14.5296 0
378 83.1088 69.9539 55.6141 0
379 0.0000 70.0104 100.0000 1
380 24.2997 24.9508 97.0027 0
381 55.5759 85.0446 83.1343 0
382 98.1159 44.9613 19.3203 0
383 70.6961 89.9742 70.7252 0
384 42.7615 50.0113 90.3961 0
385 4.8868 90.0298 99.8805 0
386 59.5995 90.0281 80.2988 0
387 98.0636 19.9554 19.5837 0
388 70.7315 10.0493 70.6898 0
389 83.1132 84.9614 55.6075 0
390 98.1198 89.9982 19.3003 0
391 4.9419 40.0310 99.8778 0
392 67.1246 9.9747 74.1235 0
393 96.9585 30.0109 24.4753 0
394 24.3257 75.0011 96.9962 0
395 96.9559 65.0490 24.4858 0
396 100.0000 14.9832 0.0000 1
397 33.6564 75.0126 94.1661 0
398 77.3086 85.0251 63.4302 0
399 96.9685 44.9857 24.4359 0
400 98.8820 85.0351 14.9111 0
401 14.6568 79.9775 98.9201 0
402 42.7061 5.0302 90.4223 0
403 14.6728 90.0038 98.9177 0
404 85.8100 60.0223 51.3483 0
405 83.1638 49.9679 55.5319 0
406 0.0000 90.0460 100.0000 1
407 63.4489 50.0309 77.2932 0
408 63.4878 55.0386 77.2613 0
409 90.3703 34.9535 42.8160 0
410 90.3940 69.9514 42.7658 0
411 92.3853 5.0451 38.2747 0
412 29.0034 39.9886 95.7016 0
413 77.2942 35.0331 63.4477 0
414 70.7431 59.9953 70.6782 0
415 51.3983 20.0426 85.7800 0
416 99.5185 15.0238 9.8017 0
417 99.5185 20.0010 9.8017 0
418 55.5862 69.9952 83.1275 0
419 9.8366 64.9890 99.5150 0
420 92.4118 30.0476 38.2107 0
421 59.5723 49.9930 80.3190 0
422 4.8775 74.9823 99.8810 0
423 90.3600 89.9875 42.8377 0
424 42.7385 84.9842 90.4070 0
425 95.7257 75.0032 28.9237 0
426 33.6911 50.0274 94.1537 0
427 51.3723 50.0125 85.7956 0
428 92.3726 94.9835 38.3053 0
429 77.3085 45.0364 63.4302 0
430 38.2382 30.0172 92.4004 0
431 98.1187 59.9699 19.3059 0
432 77.2809 39.9997 63.4639 0
433 80.3597 80.0001 59.5173 0
434 99.5185 65.0034 9.8017 0
435 29.0359 44.9913 95.6918 0
436 24.2495 80.0203 97.0153 0
437 4.9074 34.9881 99.8795 0
438 99.5185 94.9859 9.8017 0
439 94.1278 69.9704 33.7632 0
440 100.0000 89.9893 0.0000 1
441 0.0000 54.9875 100.0000 1
442 92.4155 54.9665 38.2019 0
443 55.5982 64.9819 83.1194 0
444 51.3933 64.9704 85.7831 0
445 83.1737 44.9570 55.5170 0
446 99.8795 89.9658 4.9068 0
447 88.1708 50.0187 47.1796 0
448 90.3630 85.0012 42.8313 0
449 97.0253 75.0429 24.2095 0
450 99.8795 35.0250 4.9068 0
451 70.7014 4.9739 70.7199 0
452 67.1580 39.9719 74.0932 0
453 77.3353 25.0163 63.3976 0
454 85.8045 50.0294 51.3575 0
455 42.7524 94.9810 90.4004 0
456 70.7294 65.0487 70.6919 0
457 24.3250 55.0330 96.9964 0
458 85.7935 80.0095 51.3759 0
459 85.7981 34.9997 51.3681 0
460 70.7472 14.9568 70.6741 0
461 47.1865 29.9599 88.1671 0
462 38.2730 14.9903 92.3860 0
463 70.6714 70.0224 70.7500 0
464 80.3321 45.0283 59.5546 0
465 38.2750 65.0311 92.3852 0
466 83.1546 30.0444 55.5455 0
467 59.6071 80.0008 80.2932 0
468 47.1686 84.9973 88.1767 0
469 83.1798 14.9822 55.5078 0
470 47.1873 44.9778 88.1667 0
471 83.1042 65.0251 55.6209 0
472 0.0000 65.0422 100.0000 1
473 63.4220 95.0304 77.3152 0
474 92.3918 74.9963 38.2591 0
475 4.9388 15.0452 99.8780 0
476 14.6307 75.0209 98.9239 0
477 98.8911 94.9899 14.8506 0
478 51.3871 45.0333 85.7868 0
479 94.2039 45.0150 33.5502 0
480 100.0000 80.0432 0.0000 1
481 19.5278 55.0068 98.0748 0
482 59.5580 25.0135 80.3296 0
483 67.1422 49.9908 74.1075 0
484 100.0000 59.9968 0.0000 1
485 98.9180 40.0411 14.6707 0
486 33.6596 19.9839 94.1649 0
487 70.7181 94.9987 70.7033 0
488 29.0047 70.0080 95.7012 0
489 83.1848 94.9561 55.5004 0
490 0.0000 34.9584 100.0000 1
491 47.1460 20.0039 88.1887 0
492 55.5838 74.9733 83.1290 0
493 63.4481 64.9959 77.2939 0
494 14.7091 65.0161 98.9123 0
495 90.3843 39.9847 42.7864 0
496 77.2764 95.0453 63.4693 0
497 85.7527 14.9658 51.4439 0
498 67.1420 15.0242 74.1077 0
499 9.8223 45.0201 99.5164 0
500 0.0000 79.9874 100.0000 1
501 14.7132 29.9818 98.9117 0
502 85.7826 69.9798 51.3941 0
503 59.5324 64.9888 80.3486 0
504 70.7424 20.0481 70.6789 0
505 42.7917 29.9584 90.3818 0
506 4.8905 84.9736 99.8803 0
507 95.6758 15.0484 29.0885 0
508 47.1445 25.0249 88.1895 0
509 19.5432 59.9667 98.0717 0
510 19.5493 9.9605 98.0705 0
511 0.0000 30.0229 100.0000 1
512 99.8795 39.9633 4.9068 0
513 24.2926 20.0009 97.0045 0
514 98.9207 35.0360 14.6525 0
515 74.1129 50.0306 67.1363 0
516 9.8048 95.0456 99.5182 0
517 99.8795 70.0042 4.9068 0
518 90.3771 44.9981 42.8016 0
519 95.7125 29.9708 28.9675 0
520 97.0139 84.9826 24.2548 0
521 83.1850 59.9633 55.5000 0
522 99.5185 50.0459 9.8017 0
523 59.5352 14.9653 80.3465 0
524 96.9687 19.9590 24.4351 0
525 96.9986 25.0169 24.3162 0
526 74.1282 75.0290 67.1193 0
527 14.6943 59.9973 98.9145 0
528 42.7764 20.0458 90.3891 0
529 99.8795 9.9805 4.9068 0
530 47.1687 94.9736 88.1766 0
531 99.8795 64.9965 4.9068 0
532 98.0905 30.0115 19.4489 0
533 80.2830 74.9624 59.6208 0
534 98.0570 55.0236 19.6171 0
535 90.3901 50.0329 42.7743 0
536 0.0000 9.9899 100.0000 1
537 24.2532 85.0071 97.0143 0
538 94.1792 89.9820 33.6197 0
539 4.9061 59.9722 99.8796 0
540 98.9616 24.9982 14.3738 0
541 4.9108 54.9721 99.8793 0
542 67.1155 84.9560 74.1317 0
543 0.0000 40.0271 100.0000 1
544 95.6636 20.0395 29.1286 0
545 88.2106 40.0157 47.1052 0
546 67.2049 94.9534 74.0506 0
547 80.3132 84.9990 59.5801 0
548 63.4477 19.9583 77.2942 0
549 51.4263 84.9552 85.7633 0
550 74.1008 30.0212 67.1496 0
551 92.3867 10.0118 38.2713 0
552 38.2397 20.0146 92.3998 0
553 67.1440 44.9604 74.1059 0
554 51.3980 59.9763 85.7802 0
555 63.4135 70.0123 77.3223 0
556 97.0054 79.9913 24.2889 0
557 38.2401 5.0359 92.3996 0
558 88.2282 89.9784 47.0721 0
559 29.0400 10.0279 95.6905 0
560 90.4444 5.0420 42.6592 0
561 94.1429 74.9663 33.7212 0
562 29.0581 89.9614 95.6850 0
563 24.2639 29.9856 97.0117 0
564 99.8795 45.0083 4.9068 0
565 77.3097 90.0426 63.4288 0
566 98.9252 79.9510 14.6223 0
567 70.7416 85.0109 70.6797 0
568 24.2960 34.9768 97.0036 0
569 99.8795 29.9981 4.9068 0
570 24.2708 49.9549 97.0100 0
571 90.3659 14.9758 42.8254 0
572 63.4091 45.0106 77.3258 0
573 59.6023 60.0311 80.2967 0
574 97.0333 95.0208 24.1770 0
575 98.9536 45.0281 14.4287 0
576 94.1248 95.0493 33.7717 0
577 55.5164 95.0151 83.1741 0
578 92.3595 69.9744 38.3370 0
579 98.9016 49.9698 14.7807 0
580 19.5097 30.0451 98.0784 0
581 74.0846 95.0084 67.1675 0
582 63.4500 40.0215 77.2923 0
583 92.3781 35.0359 38.2921 0
584 99.8795 75.0251 4.9068 0
585 98.8962 75.0297 14.8169 0
586 96.9674 40.0005 24.4402 0
587 29.0395 5.0204 95.6907 0
588 99.5185 5.0229 9.8017 0
589 38.3071 44.9556 92.3719 0
590 95.6579 85.0363 29.1475 0
591 19.5012 19.9911 98.0801 0
592 90.4448 20.0250 42.6583 0
593 88.2402 64.9734 47.0496 0
594 51.3699 9.9885 85.7970 0
595 4.9068 10.0070 99.8795 0
596 63.4870 14.9993 77.2619 0
597 77.2911 5.0495 63.4514 0
598 90.3750 75.0165 42.8060 0
599 14.7195 85.0171 98.9108 0
600 99.5185 25.0031 9.8017 0
601 24.2482 90.0384 97.0156 0
602 0.0000 59.9801 100.0000 1
603 9.8468 59.9961 99.5140 0
604 100.0000 49.9585 0.0000 1
605 98.0867 64.9653 19.4677 0
606 47.0970 15.0081 88.2149 0
607 4.8855 24.9862 99.8806 0
608 85.7953 40.0358 51.3727 0
609 92.3727 50.0462 38.3050 0
610 70.7560 74.9706 70.6653 0
611 33.7158 80.0116 94.1448 0
612 14.7149 40.0103 98.9114 0
613 74.1153 5.0244 67.1336 0
614 70.6992 29.9752 70.7222 0
615 19.4627 44.9972 98.0877 0
616 80.3353 64.9779 59.5504 0
617 100.0000 9.9746 0.0000 1
618 88.1719 30.0150 47.1775 0
619 99.5185 35.0361 9.8017 0
620 0.0000 14.9899 100.0000 1
621 85.8116 84.9757 51.3455 0
622 0.0000 95.0119 100.0000 1
623 80.2873 15.0326 59.6150 0
624 59.5855 85.0046 80.3092 0
625 95.6692 34.9540 29.1103 0
626 96.9765 54.9861 24.4042 0
627 14.6864 10.0486 98.9157 0
628 99.5185 10.0257 9.8017 0
629 24.3367 64.9972 96.9934 0
630 55.5229 55.0311 83.1697 0
631 42.7532 24.9616 90.4000 0
632 100.0000 95.0135 0.0000 1
633 83.1067 20.0408 55.6172 0
634 14.6265 94.9540 98.9245 0
635 59.6188 5.0186 80.2845 0
636 88.1798 25.0004 47.1627 0
637 33.7153 89.9549 94.1450 0
638 59.5925 10.0201 80.3040 0
639 100.0000 85.0082 0.0000 1
640 67.1398 89.9671 74.1097 0
641 55.5469 40.0420 83.1537 0
642 0.0000 4.9861 100.0000 1
643 38.2508 69.9584 92.3952 0
644 29.0297 15.0333 95.6936 0
645 38.3088 50.0224 92.3712 0
646 59.5582 69.9798 80.3294 0
647 70.7298 50.0380 70.6915 0
648 95.7365 64.9581 28.8881 0
649 42.7538 69.9628 90.3997 0
650 9.7770 25.0384 99.5209 0
651 98.0482 74.9621 19.6611 0
652 99.8795 94.9815 4.9068 0
653 94.1426 85.0292 33.7219 0
654 85.8068 65.0180 51.3536 0
655 94.1461 40.0143 33.7122 0
656 51.3817 25.0117 85.7900 0
657 42.7730 40.0101 90.3906 0
658 94.1390 59.9864 33.7319 0
659 74.0623 85.0295 67.1921 0
660 67.1552 59.9855 74.0958 0
661 99.8795 54.9737 4.9068 0
662 67.1904 70.0317 74.0638 0
663 42.7901 54.9870 90.3825 0
664 100.0000 35.0361 0.0000 1
665 90.3953 65.0071 42.7631 0
666 67.1754 20.0461 74.0774 0
667 97.0078 50.0137 24.2795 0
668 74.1022 25.0427 67.1481 0
669 83.1833 54.9670 55.5025 0
670 83.1148 79.9744 55.6051 0
671 94.1796 49.9699 33.6185 0
672 90.4472 95.0210 42.6533 0
673 47.1072 65.0358 88.2095 0
674 47.1806 70.0462 88.1702 0
675 85.7799 30.0063 51.3985 0
676 55.5247 20.0014 83.1686 0
677 85.7777 24.9665 51.4022 0
678 38.2677 80.0035 92.3882 0
679 55.5269 5.0123 83.1671 0
680 80.2734 94.9819 59.6337 0
681 100.0000 64.9827 0.0000 1
682 19.5193 74.9862 98.0765 0
683 98.0420 35.0414 19.6917 0
684 85.7869 55.0159 51.3868 0
685 88.2097 95.0245 47.1069 0
686 98.1127 70.0017 19.3362 0
687 28.9937 59.9881 95.7046 0
688 92.4201 59.9671 38.1908 0
689 98.0615 25.0466 19.5943 0
690 83.1776 4.9722 55.5112 0
691 83.1969 24.9564 55.4822 0
692 94.1470 4.9904 33.7098 0
1280
1 0 310 
2 1 588 
174 1 310 
174 1 588 
3 2 588 
4 3 162 
162 3 588 
5 4 190 
162 4 202 
190 4 202 
6 5 75 
75 5 190 
7 6 692 
75 6 692 
8 7 692 
9 8 560 
411 8 560 
411 8 692 
10 9 115 
115 9 560 
11 10 159 
115 10 159 
12 11 690 
159 11 690 
13 12 372 
372 12 690 
14 13 372 
15 14 613 
372 14 597 
597 14 613 
16 15 451 
451 15 613 
17 16 185 
185 16 451 
18 17 242 
185 17 242 
19 18 635 
242 18 635 
20 19 679 
635 19 679 
21 20 679 
22 21 208 
208 21 272 
272 21 679 
23 22 208 
24 23 402 
208 23 402 
25 24 557 
402 24 557 
26 25 297 
297 25 557 
27 26 587 
297 26 587 
28 27 113 
112 27 113 
112 27 587 
29 28 254 
113 28 254 
30 29 318 
254 29 318 
31 30 318 
32 31 642 
108 31 318 
108 31 642 
34 33 632 
35 34 438 
438 34 652 
632 34 652 
36 35 438 
37 36 477 
438 36 477 
38 37 574 
183 37 477 
183 37 574 
39 38 363 
363 38 574 
40 39 363 
41 40 576 
363 40 576 
42 41 672 
428 41 576 
428 41 672 
43 42 685 
672 42 685 
44 43 296 
296 43 685 
45 44 489 
296 44 489 
46 45 680 
489 45 680 
47 46 680 
48 47 496 
496 47 680 
49 48 581 
496 48 581 
50 49 546 
487 49 546 
487 49 581 
51 50 473 
473 50 546 
52 51 473 
53 52 230 
230 52 473 
54 53 577 
230 53 577 
55 54 206 
206 54 577 
56 55 455 
206 55 530 
455 55 530 
57 56 455 
58 57 141 
141 57 243 
243 57 455 
59 58 141 
60 59 275 
141 59 275 
61 60 261 
261 60 292 
275 60 292 
62 61 261 
63 62 516 
261 62 634 
516 62 634 
64 63 516 
65 64 622 
213 64 516 
213 64 622 
138 66 390 
138 66 520 
314 66 400 
314 66 520 
390 66 400 
155 67 355 
155 67 465 
233 67 355 
233 67 643 
465 67 643 
160 68 304 
160 68 362 
304 68 541 
321 68 362 
321 68 441 
441 68 541 
181 69 439 
181 69 688 
235 69 648 
235 69 658 
439 69 648 
658 69 688 
98 70 114 
98 70 452 
114 70 614 
240 70 268 
240 70 452 
268 70 340 
340 70 550 
550 70 614 
457 71 509 
457 71 687 
509 71 629 
629 71 687 
383 72 581 
383 72 659 
398 72 565 
398 72 659 
496 72 565 
496 72 581 
151 73 554 
151 73 663 
212 73 223 
212 73 673 
223 73 663 
444 73 554 
444 73 673 
95 74 133 
95 74 263 
133 74 641 
263 74 470 
470 74 478 
478 74 641 
190 75 260 
260 75 316 
316 75 692 
145 76 492 
145 76 549 
356 76 467 
356 76 492 
381 76 549 
381 76 624 
467 76 624 
129 77 389 
129 77 489 
177 77 389 
177 77 489 
169 78 345 
169 78 603 
345 78 481 
481 78 509 
509 78 527 
527 78 603 
118 79 381 
118 79 577 
230 79 386 
230 79 577 
381 79 386 
86 80 238 
86 80 611 
238 80 436 
315 80 394 
315 80 397 
394 80 436 
397 80 611 
156 81 569 
156 81 600 
203 81 514 
203 81 540 
450 81 569 
450 81 619 
514 81 619 
540 81 600 
101 82 225 
101 82 338 
179 82 365 
179 82 368 
225 82 368 
338 82 515 
365 82 515 
126 83 196 
126 83 608 
196 83 464 
445 83 464 
445 83 608 
102 84 522 
102 84 564 
312 84 564 
312 84 575 
522 84 575 
209 85 262 
209 85 594 
262 85 523 
272 85 594 
272 85 679 
523 85 638 
635 85 638 
635 85 679 
176 86 611 
176 86 637 
238 86 562 
562 86 637 
102 87 604 
102 87 661 
357 87 484 
357 87 661 
345 88 481 
345 88 615 
457 88 481 
457 88 570 
570 88 615 
186 89 264 
186 89 544 
264 89 279 
279 89 316 
316 89 507 
507 89 544 
95 90 133 
95 90 371 
133 90 248 
248 90 656 
371 90 461 
461 90 656 
94 91 191 
94 91 597 
99 91 597 
99 91 623 
191 91 347 
347 91 623 
276 92 395 
276 92 449 
395 92 648 
425 92 449 
425 92 561 
439 92 561 
439 92 648 
382 93 399 
382 93 579 
399 93 667 
534 93 579 
534 93 626 
626 93 667 
191 94 388 
388 94 451 
451 94 613 
597 94 613 
263 95 371 
110 96 182 
110 96 610 
182 96 567 
285 96 567 
285 96 610 
288 97 320 
288 97 422 
320 97 472 
379 97 422 
379 97 472 
114 98 255 
255 98 452 
305 99 469 
305 99 690 
372 99 597 
372 99 690 
469 99 623 
168 100 240 
168 100 647 
240 100 268 
268 100 429 
429 100 515 
515 100 647 
225 101 405 
338 101 429 
405 101 464 
429 101 464 
522 102 661 
564 102 604 
273 103 414 
273 103 647 
365 103 414 
365 103 515 
515 103 647 
136 104 245 
136 104 649 
245 104 678 
366 104 649 
366 104 678 
146 105 170 
146 105 475 
475 105 620 
107 106 418 
107 106 674 
136 106 349 
136 106 674 
145 106 349 
145 106 492 
418 106 492 
418 107 444 
444 107 673 
673 107 674 
318 108 595 
536 108 595 
536 108 642 
234 109 408 
234 109 573 
267 109 421 
267 109 630 
359 109 573 
359 109 630 
407 109 408 
407 109 421 
182 110 333 
333 110 662 
463 110 610 
463 110 662 
345 111 499 
345 111 615 
499 111 612 
612 111 615 
113 112 510 
367 112 510 
367 112 587 
254 113 510 
195 114 255 
195 114 335 
335 114 614 
123 115 360 
123 115 560 
159 115 360 
278 116 592 
278 116 636 
289 116 497 
289 116 677 
375 116 497 
375 116 592 
636 116 677 
201 117 430 
201 117 552 
303 117 364 
303 117 430 
364 117 486 
486 117 552 
206 118 530 
206 118 577 
236 118 530 
236 118 549 
381 118 549 
335 119 614 
335 119 666 
504 119 666 
504 119 668 
614 119 668 
171 120 341 
171 120 416 
256 120 293 
256 120 416 
293 120 341 
260 121 293 
260 121 507 
293 121 387 
387 121 524 
507 121 524 
208 122 323 
208 122 594 
209 122 594 
209 122 606 
222 122 323 
222 122 606 
264 123 551 
264 123 571 
360 123 375 
375 123 571 
551 123 560 
247 124 370 
247 124 435 
370 124 589 
426 124 435 
426 124 645 
589 124 645 
164 125 311 
164 125 344 
311 125 334 
334 125 533 
344 125 533 
196 126 251 
251 126 466 
459 126 466 
459 126 608 
141 127 243 
141 127 637 
176 127 180 
176 127 637 
180 127 243 
241 128 370 
241 128 430 
309 128 370 
309 128 505 
430 128 505 
389 129 547 
398 129 547 
398 129 565 
489 129 680 
565 129 680 
198 130 453 
198 130 466 
199 130 251 
199 130 453 
251 130 466 
151 131 427 
151 131 554 
267 131 427 
267 131 630 
554 131 630 
151 132 384 
151 132 427 
216 132 384 
216 132 470 
427 132 478 
470 132 478 
134 133 142 
134 133 173 
142 133 248 
173 133 641 
142 134 195 
173 134 255 
195 134 255 
139 135 172 
139 135 615 
172 135 435 
435 135 570 
570 135 615 
245 136 349 
649 136 674 
350 137 512 
512 137 664 
163 138 363 
163 138 590 
183 138 390 
183 138 574 
363 138 574 
520 138 590 
148 139 167 
148 139 612 
167 139 568 
172 139 568 
612 139 615 
194 140 399 
194 140 671 
207 140 399 
207 140 479 
479 140 671 
275 141 562 
562 141 637 
195 142 482 
248 142 482 
157 143 480 
157 143 584 
232 143 584 
150 144 421 
150 144 641 
267 144 421 
267 144 478 
478 144 641 
349 145 549 
170 146 607 
217 146 475 
217 146 650 
607 146 650 
364 147 380 
364 147 486 
380 147 513 
486 147 644 
513 147 644 
167 148 501 
214 148 326 
214 148 348 
326 148 612 
348 148 501 
154 149 249 
154 149 357 
249 149 377 
357 149 531 
377 149 434 
434 149 531 
173 150 582 
173 150 641 
421 150 572 
572 150 582 
384 151 663 
302 152 447 
302 152 608 
447 152 535 
495 152 518 
495 152 545 
518 152 535 
545 152 608 
242 153 392 
242 153 635 
392 153 596 
596 153 638 
635 153 638 
239 154 249 
239 154 579 
357 154 661 
522 154 579 
522 154 661 
227 155 358 
227 155 465 
231 155 358 
231 155 687 
355 155 687 
184 156 286 
184 156 332 
286 156 317 
317 156 600 
332 156 569 
257 157 301 
257 157 584 
301 157 308 
308 157 342 
342 157 480 
261 158 601 
261 158 634 
331 158 599 
331 158 601 
403 158 599 
403 158 634 
205 159 305 
205 159 360 
305 159 690 
304 160 499 
362 160 391 
391 160 499 
200 161 561 
200 161 590 
425 161 556 
425 161 561 
556 161 590 
171 162 341 
171 162 588 
202 162 341 
363 163 538 
538 163 590 
311 164 322 
322 164 456 
344 164 526 
456 164 463 
463 164 610 
526 164 610 
241 165 247 
241 165 303 
247 165 412 
303 165 307 
307 165 563 
412 165 568 
563 165 568 
189 166 192 
189 166 376 
192 166 422 
376 166 506 
422 166 500 
500 166 506 
501 167 580 
568 167 580 
240 168 553 
483 168 553 
483 168 647 
304 169 345 
304 169 541 
539 169 541 
539 169 603 
178 170 511 
178 170 607 
416 171 628 
588 171 628 
412 172 435 
412 172 568 
255 173 582 
310 174 617 
529 174 588 
529 174 617 
246 175 502 
246 175 598 
410 175 593 
410 175 598 
502 175 654 
593 175 654 
180 176 424 
424 176 678 
611 176 678 
296 177 489 
296 177 558 
389 177 621 
558 177 621 
348 178 437 
348 178 650 
437 178 511 
607 178 650 
322 179 368 
322 179 414 
365 179 414 
236 180 468 
236 180 530 
243 180 455 
424 180 468 
455 180 530 
324 181 665 
324 181 688 
439 181 578 
578 181 665 
333 182 337 
337 182 542 
542 182 567 
221 183 390 
221 183 477 
242 185 392 
392 185 451 
193 186 253 
193 186 264 
253 186 298 
298 186 544 
231 187 373 
231 187 426 
373 187 457 
426 187 435 
435 187 570 
457 187 570 
192 188 288 
192 188 476 
288 188 494 
290 188 328 
290 188 682 
328 188 494 
476 188 682 
192 189 401 
376 189 401 
202 190 260 
343 191 347 
343 191 460 
388 191 460 
288 192 422 
401 192 476 
253 193 592 
264 193 592 
277 194 329 
277 194 626 
329 194 671 
399 194 667 
626 194 667 
224 195 335 
224 195 482 
251 196 413 
413 196 432 
429 196 432 
429 196 464 
237 197 583 
237 197 655 
269 197 420 
269 197 625 
420 197 583 
625 197 655 
265 198 453 
265 198 633 
466 198 691 
633 198 691 
251 199 413 
340 199 413 
340 199 550 
453 199 668 
550 199 668 
211 200 561 
211 200 653 
590 200 653 
430 201 505 
505 201 631 
552 201 631 
260 202 341 
514 203 532 
532 203 689 
540 203 689 
382 204 399 
382 204 485 
399 204 586 
485 204 514 
514 204 683 
586 204 683 
305 205 497 
360 205 497 
271 207 586 
271 207 625 
399 207 586 
479 207 655 
625 207 655 
272 208 594 
323 208 402 
262 209 676 
415 209 491 
415 209 676 
491 209 606 
250 210 354 
250 210 591 
266 210 591 
266 210 627 
281 210 354 
281 210 627 
226 211 351 
226 211 598 
351 211 653 
474 211 561 
474 211 598 
223 212 227 
227 212 465 
465 212 649 
649 212 673 
327 213 385 
327 213 516 
385 213 622 
326 214 391 
348 214 437 
391 214 437 
257 215 258 
257 215 584 
258 215 377 
377 215 434 
434 215 517 
517 215 584 
384 216 589 
470 216 657 
589 216 657 
250 217 354 
250 217 650 
354 217 475 
353 218 378 
353 218 670 
378 218 533 
433 218 533 
433 218 670 
224 219 482 
224 219 548 
262 219 523 
262 219 676 
282 219 482 
282 219 676 
523 219 548 
295 220 324 
295 220 535 
324 220 336 
336 220 684 
447 220 535 
447 220 684 
294 221 400 
294 221 477 
390 221 400 
323 222 462 
462 222 552 
528 222 552 
528 222 606 
227 223 358 
358 223 663 
335 224 666 
548 224 666 
229 225 368 
229 225 521 
405 225 669 
521 225 669 
246 226 352 
246 226 598 
270 226 352 
270 226 448 
351 226 448 
346 228 386 
346 228 542 
386 228 473 
473 228 546 
542 228 640 
546 228 640 
368 229 616 
471 229 521 
471 229 616 
386 230 473 
358 231 426 
373 231 687 
517 232 531 
517 232 584 
531 232 681 
355 233 488 
366 233 397 
366 233 643 
397 233 488 
374 234 493 
374 234 660 
408 234 660 
493 234 573 
277 235 280 
277 235 329 
280 235 648 
329 235 658 
468 236 549 
306 237 495 
306 237 655 
495 237 583 
436 238 537 
537 238 562 
249 239 431 
431 239 534 
534 239 579 
452 240 553 
247 241 370 
303 241 430 
379 244 422 
422 244 500 
349 245 468 
424 245 468 
424 245 678 
352 246 458 
353 246 458 
353 246 502 
412 247 435 
282 248 482 
282 248 656 
377 249 605 
431 249 605 
313 250 591 
313 250 650 
319 252 462 
319 252 644 
462 252 552 
486 252 552 
486 252 644 
278 253 325 
278 253 592 
298 253 420 
325 253 420 
281 254 318 
281 254 627 
510 254 627 
452 255 582 
293 256 387 
387 256 689 
416 256 417 
417 256 540 
540 256 689 
258 257 585 
301 257 566 
566 257 585 
377 258 686 
585 258 686 
265 259 453 
265 259 623 
343 259 347 
343 259 453 
347 259 623 
293 260 341 
316 260 507 
292 261 601 
371 263 657 
470 263 657 
279 264 551 
571 264 592 
623 265 633 
283 266 510 
283 266 513 
510 266 627 
513 266 591 
427 267 478 
340 268 432 
429 268 432 
284 269 298 
284 269 519 
298 269 420 
519 269 625 
352 270 621 
423 270 448 
423 270 558 
558 270 621 
393 271 519 
393 271 683 
519 271 625 
586 271 683 
408 273 483 
408 273 660 
414 273 660 
483 273 647 
317 274 396 
317 274 416 
396 274 529 
416 274 628 
529 274 628 
292 275 601 
562 275 601 
395 276 605 
449 276 651 
605 276 686 
651 276 686 
280 277 626 
325 278 618 
618 278 636 
316 279 692 
551 279 692 
395 280 605 
395 280 648 
431 280 534 
431 280 605 
534 280 626 
318 281 595 
354 281 475 
475 281 595 
415 282 656 
415 282 676 
367 283 510 
367 283 559 
513 283 644 
559 283 644 
298 284 544 
393 284 519 
393 284 525 
524 284 525 
524 284 544 
339 285 526 
339 285 659 
526 285 610 
567 285 659 
317 286 396 
313 287 580 
313 287 591 
380 287 513 
380 287 563 
513 287 591 
563 287 580 
320 288 419 
419 288 494 
469 289 497 
469 289 633 
633 289 691 
677 289 691 
328 290 369 
369 290 394 
394 290 682 
385 291 406 
385 291 506 
500 291 506 
308 294 342 
308 294 400 
342 294 446 
438 294 446 
438 294 477 
324 295 688 
442 295 609 
442 295 688 
535 295 609 
558 296 685 
319 297 361 
319 297 587 
361 297 557 
331 299 436 
331 299 599 
401 299 476 
401 299 599 
436 299 682 
476 299 682 
351 300 448 
351 300 653 
423 300 448 
423 300 672 
428 300 576 
428 300 672 
538 300 576 
538 300 653 
308 301 566 
405 302 445 
405 302 454 
445 302 608 
447 302 454 
307 303 364 
345 304 499 
469 305 497 
479 306 655 
479 306 671 
495 306 518 
518 306 535 
535 306 609 
609 306 671 
364 307 563 
400 308 566 
370 309 657 
371 309 505 
371 309 657 
322 311 368 
334 311 616 
368 311 616 
485 312 514 
485 312 575 
512 312 564 
512 312 619 
514 312 619 
501 313 580 
501 313 650 
400 314 566 
449 314 556 
449 314 651 
520 314 556 
566 314 585 
585 314 651 
394 315 488 
397 315 488 
416 317 417 
417 317 600 
361 319 462 
559 319 587 
559 319 644 
419 320 539 
472 320 602 
539 320 602 
414 322 456 
361 323 402 
361 323 462 
336 324 593 
593 324 665 
409 325 583 
409 325 618 
420 325 583 
391 326 499 
499 326 612 
376 327 506 
376 327 599 
385 327 506 
403 327 599 
403 327 634 
516 327 634 
369 328 629 
494 328 527 
509 328 527 
509 328 629 
442 329 658 
442 329 671 
409 330 545 
409 330 618 
459 330 545 
459 330 618 
436 331 537 
537 331 601 
450 332 569 
450 332 664 
337 333 467 
356 333 467 
356 333 555 
555 333 662 
378 334 533 
378 334 616 
404 336 654 
404 336 684 
593 336 654 
346 337 467 
346 337 542 
429 338 515 
344 339 526 
344 339 533 
398 339 547 
398 339 659 
433 339 533 
433 339 547 
413 340 432 
446 342 639 
480 342 639 
453 343 668 
460 343 504 
504 343 668 
386 346 624 
467 346 624 
501 348 650 
468 349 549 
512 350 564 
564 350 604 
458 352 621 
378 353 502 
458 353 670 
488 355 629 
629 355 687 
492 356 646 
555 356 646 
484 357 531 
384 358 645 
384 358 663 
426 358 645 
443 359 554 
443 359 573 
554 359 630 
375 360 497 
402 361 557 
391 362 543 
538 363 576 
380 364 563 
397 366 611 
611 366 678 
643 366 649 
559 367 587 
394 369 488 
488 369 629 
589 370 657 
461 371 505 
457 373 687 
414 374 456 
414 374 660 
456 374 662 
493 374 662 
571 375 592 
401 376 599 
605 377 686 
471 378 502 
471 378 616 
386 381 624 
485 382 575 
575 382 579 
487 383 546 
487 383 581 
546 383 640 
567 383 640 
567 383 659 
589 384 645 
406 385 622 
524 387 525 
525 387 689 
392 388 451 
392 388 498 
460 388 498 
433 389 547 
433 389 670 
458 389 621 
458 389 670 
437 391 543 
498 392 596 
525 393 689 
532 393 683 
532 393 689 
436 394 682 
529 396 617 
521 404 654 
521 404 684 
445 405 464 
454 405 669 
408 407 483 
421 407 572 
483 407 572 
495 409 545 
495 409 583 
578 410 598 
578 410 665 
593 410 665 
551 411 560 
551 411 692 
491 415 508 
508 415 656 
540 417 600 
443 418 444 
443 418 503 
492 418 646 
503 418 646 
494 419 527 
527 419 603 
539 419 603 
558 423 685 
672 423 685 
449 425 556 
517 434 531 
490 437 511 
490 437 543 
446 438 652 
474 439 561 
474 439 578 
446 440 639 
446 440 652 
632 440 652 
539 441 541 
539 441 602 
609 442 671 
658 442 688 
444 443 554 
503 443 573 
454 447 684 
512 450 619 
512 450 664 
553 452 582 
669 454 684 
463 456 662 
481 457 509 
466 459 675 
545 459 608 
618 459 675 
498 460 504 
505 461 508 
508 461 656 
643 465 649 
675 466 691 
623 469 633 
502 471 654 
521 471 654 
578 474 598 
595 475 620 
553 483 572 
531 484 681 
508 491 528 
528 491 606 
503 493 573 
503 493 646 
555 493 646 
555 493 662 
565 496 680 
504 498 666 
548 498 596 
548 498 666 
508 505 631 
524 507 544 
528 508 631 
532 514 683 
556 520 590 
669 521 684 
575 522 579 
548 523 596 
596 523 638 
552 528 631 
588 529 628 
595 536 620 
562 537 601 
590 538 653 
567 542 640 
614 550 668 
572 553 582 
568 563 580 
651 585 686 
636 618 675 
675 636 677 
673 649 674 
677 675 691 
