768
0 0.0000 0.0000 100.0000 1
1 100.0000 0.0000 0.0000 1
2 0.0000 100.0000 0.0000 1
3 99.8795 4.9068 0.0000 1
4 99.5185 9.8017 0.0000 1
5 98.9177 14.6730 0.0000 1
6 98.0785 19.5090 0.0000 1
7 97.0031 24.2980 0.0000 1
8 95.6940 29.0285 0.0000 1
9 94.1544 33.6890 0.0000 1
10 92.3880 38.2683 0.0000 1
11 90.3989 42.7555 0.0000 1
12 88.1921 47.1397 0.0000 1
13 85.7729 51.4103 0.0000 1
14 83.1470 55.5570 0.0000 1
15 80.3208 59.5699 0.0000 1
16 77.3010 63.4393 0.0000 1
17 74.0951 67.1559 0.0000 1
18 70.7107 70.7107 0.0000 1
19 67.1559 74.0951 0.0000 1
20 63.4393 77.3010 0.0000 1
21 59.5699 80.3208 0.0000 1
22 55.5570 83.1470 0.0000 1
23 51.4103 85.7729 0.0000 1
24 47.1397 88.1921 0.0000 1
25 42.7555 90.3989 0.0000 1
26 38.2683 92.3880 0.0000 1
27 33.6890 94.1544 0.0000 1
28 29.0285 95.6940 0.0000 1
29 24.2980 97.0031 0.0000 1
30 19.5090 98.0785 0.0000 1
31 14.6730 98.9177 0.0000 1
32 9.8017 99.5185 0.0000 1
33 4.9068 99.8795 0.0000 1
34 99.8795 0.0000 4.9068 1
35 99.5185 0.0000 9.8017 1
36 98.9177 0.0000 14.6730 1
37 98.0785 0.0000 19.5090 1
38 97.0031 0.0000 24.2980 1
39 95.6940 0.0000 29.0285 1
40 94.1544 0.0000 33.6890 1
41 92.3880 0.0000 38.2683 1
42 90.3989 0.0000 42.7555 1
43 88.1921 0.0000 47.1397 1
44 85.7729 0.0000 51.4103 1
45 83.1470 0.0000 55.5570 1
46 80.3208 0.0000 59.5699 1
47 77.3010 0.0000 63.4393 1
48 74.0951 0.0000 67.1559 1
49 70.7107 0.0000 70.7107 1
50 67.1559 0.0000 74.0951 1
51 63.4393 0.0000 77.3010 1
52 59.5699 0.0000 80.3208 1
53 55.5570 0.0000 83.1470 1
54 51.4103 0.0000 85.7729 1
55 47.1397 0.0000 88.1921 1
56 42.7555 0.0000 90.3989 1
57 38.2683 0.0000 92.3880 1
58 33.6890 0.0000 94.1544 1
59 29.0285 0.0000 95.6940 1
60 24.2980 0.0000 97.0031 1
61 19.5090 0.0000 98.0785 1
62 14.6730 0.0000 98.9177 1
63 9.8017 0.0000 99.5185 1
64 4.9068 0.0000 99.8795 1
65 0.0000 99.8795 4.9068 1
66 0.0000 99.5185 9.8017 1
67 0.0000 98.9177 14.6730 1
68 0.0000 98.0785 19.5090 1
69 0.0000 97.0031 24.2980 1
70 0.0000 95.6940 29.0285 1
71 0.0000 94.1544 33.6890 1
72 0.0000 92.3880 38.2683 1
73 0.0000 90.3989 42.7555 1
74 0.0000 88.1921 47.1397 1
75 0.0000 85.7729 51.4103 1
76 0.0000 83.1470 55.5570 1
77 0.0000 80.3208 59.5699 1
78 0.0000 77.3010 63.4393 1
79 0.0000 74.0951 67.1559 1
80 0.0000 70.7107 70.7107 1
81 0.0000 67.1559 74.0951 1
82 0.0000 63.4393 77.3010 1
83 0.0000 59.5699 80.3208 1
84 0.0000 55.5570 83.1470 1
85 0.0000 51.4103 85.7729 1
86 0.0000 47.1397 88.1921 1
87 0.0000 42.7555 90.3989 1
88 0.0000 38.2683 92.3880 1
89 0.0000 33.6890 94.1544 1
90 0.0000 29.0285 95.6940 1
91 0.0000 24.2980 97.0031 1
92 0.0000 19.5090 98.0785 1
93 0.0000 14.6730 98.9177 1
94 0.0000 9.8017 99.5185 1
95 0.0000 4.9068 99.8795 1
96 70.6098 4.4110 70.6739 0
97 13.6292 97.9711 14.6937 0
98 49.5422 25.2126 83.1258 0
99 8.7372 66.5392 74.1363 0
100 59.4828 22.1801 77.2648 0
101 27.1116 33.0669 90.3966 0
102 48.5308 83.9905 24.2972 0
103 55.0547 74.1771 38.2980 0
104 47.1260 20.6725 85.7426 0
105 26.7855 11.1030 95.7040 0
106 43.5647 81.5219 38.1615 0
107 73.9629 4.4864 67.1518 0
108 19.1556 27.7678 94.1383 0
109 25.1819 22.3305 94.1659 0
110 18.3499 92.3646 33.6460 0
111 47.8568 76.7156 42.7135 0
112 96.5945 9.2034 24.1828 0
113 29.8351 15.6449 94.1547 0
114 26.4782 72.6568 63.4026 0
115 81.6397 55.8630 14.6388 0
116 26.0083 65.7719 70.6939 0
117 87.2286 48.5552 5.7929 0
118 45.0663 54.5272 70.6810 0
119 95.2264 18.3649 24.3858 0
120 35.5518 88.7920 29.1900 0
121 62.7973 50.1119 59.5424 0
122 49.8130 12.5751 85.7935 0
123 74.1708 51.6581 42.7801 0
124 56.0707 75.6415 33.6816 0
125 12.4915 14.9666 98.0814 0
126 18.1863 88.5018 42.8566 0
127 91.9337 9.0772 38.2858 0
128 83.5599 39.5493 38.1261 0
129 31.7962 79.7206 51.3189 0
130 37.9252 59.7331 70.6656 0
131 4.3645 55.3776 83.1521 0
132 66.9025 70.2199 24.3560 0
133 40.2131 75.7588 51.4150 0
134 13.8303 87.0634 47.2090 0
135 75.8013 26.5051 59.5957 0
136 63.3368 53.8413 55.5839 0
137 69.7455 63.2761 33.6408 0
138 37.6181 28.4319 88.1845 0
139 63.3605 38.3427 67.1959 0
140 14.9524 12.5709 98.0734 0
141 44.1069 88.5853 14.3956 0
142 76.1669 13.3884 63.3984 0
143 3.9694 38.0878 92.3773 0
144 73.4174 38.9357 55.6228 0
145 39.2647 39.3082 83.1453 0
146 21.8112 67.2791 70.6951 0
147 9.0213 79.8190 59.5613 0
148 43.6432 40.4749 80.3558 0
149 86.9999 31.0770 38.2784 0
150 40.4740 43.6308 80.3630 0
151 40.3385 91.3864 4.6179 0
152 63.5591 73.3099 24.2052 0
153 54.8279 8.6724 83.1787 0
154 82.3486 31.6339 47.0957 0
155 67.6608 70.9826 19.5828 0
156 6.7043 18.3420 98.0746 0
157 26.3573 57.6895 77.3124 0
158 59.1453 75.2500 28.9702 0
159 63.5614 76.5592 9.9317 0
160 86.4035 48.1517 14.6920 0
161 32.7168 8.0775 94.1508 0
162 13.7981 98.9116 5.1098 0
163 66.5750 66.5339 33.7789 0
164 30.7670 77.2885 55.4967 0
165 40.0665 78.6027 47.0776 0
166 28.8067 3.8146 95.6850 0
167 33.0848 27.1508 90.3783 0
168 68.5860 55.4622 47.1158 0
169 80.1840 4.5028 59.5840 0
170 60.9549 42.0445 67.2068 0
171 35.0073 15.5878 92.3662 0
172 22.7906 85.1518 47.2203 0
173 92.2972 4.5214 38.2203 0
174 32.6132 44.9377 83.1684 0
175 31.5411 40.5998 85.7719 0
176 89.9781 9.0960 42.6755 0
177 27.3483 96.0846 4.4526 0
178 13.5315 91.4223 38.1950 0
179 76.2290 59.9160 24.4787 0
180 30.9191 22.5234 92.3943 0
181 44.4052 83.0651 33.5911 0
182 99.4659 9.2483 4.5837 0
183 4.5321 90.2735 42.7804 0
184 22.2106 77.1797 59.5817 0
185 27.7636 19.1156 94.1476 0
186 50.0891 62.7499 59.6115 0
187 62.6318 72.3541 29.0197 0
188 18.3275 95.2831 24.1915 0
189 18.4224 83.7847 51.3882 0
190 63.7630 76.8642 5.1172 0
191 9.2736 85.3144 51.3367 0
192 14.2610 19.6452 97.0087 0
193 13.0628 65.9120 74.0606 0
194 49.1274 55.4194 67.1951 0
195 22.6689 96.2909 14.6351 0
196 58.1415 33.6033 74.0971 0
197 13.6523 94.6954 29.0930 0
198 70.9967 48.1281 51.4116 0
199 26.2403 69.2902 67.1589 0
200 72.6830 26.3993 63.4056 0
201 31.7597 88.6556 33.6380 0
202 97.6272 9.2882 19.5619 0
203 31.3708 84.7665 42.7845 0
204 55.3370 71.4707 42.7756 0
205 22.5209 30.9979 92.3685 0
206 36.4755 91.0436 19.5089 0
207 65.5169 46.4934 59.5475 0
208 70.1158 8.8620 70.7477 0
209 9.3040 97.6423 19.4787 0
210 66.6257 8.7583 74.0561 0
211 8.8318 58.9475 80.2944 0
212 79.2863 47.4827 38.1978 0
213 96.2821 18.5902 19.6000 0
214 67.0133 4.3985 74.0937 0
215 4.4107 66.9713 74.1309 0
216 27.2718 95.7637 9.2499 0
217 74.0825 64.2624 19.5483 0
218 24.5095 45.1651 85.7869 0
219 73.1034 66.6554 14.5927 0
220 53.6592 25.8614 80.3236 0
221 68.8461 46.6686 55.5181 0
222 13.9712 97.0581 19.6097 0
223 37.1752 46.5663 80.3093 0
224 9.2419 93.7344 33.5925 0
225 9.1978 96.5540 24.3461 0
226 11.4773 9.1429 98.9175 0
227 95.2198 9.1207 29.1549 0
228 80.4562 51.7291 29.1702 0
229 73.2638 63.5711 24.3131 0
230 42.5519 4.2317 90.3960 0
231 76.0890 63.2317 14.5676 0
232 18.3080 6.7134 98.0803 0
233 79.9319 56.8810 19.3766 0
234 17.1938 17.1881 96.9997 0
235 69.9848 69.9168 14.6211 0
236 18.5119 96.3442 19.3678 0
237 35.9886 77.8198 51.4674 0
238 43.8849 79.0205 42.7772 0
239 78.3395 17.9114 59.5156 0
240 79.0845 43.8599 42.6843 0
241 89.4386 44.4859 4.6625 0
242 86.2323 44.4693 24.2171 0
243 17.3398 64.8707 74.1021 0
244 48.1735 70.9696 51.4065 0
245 4.0342 33.4773 94.1435 0
246 17.7317 71.9073 67.1932 0
247 4.6398 97.9832 19.4360 0
248 85.3616 35.3345 38.2735 0
249 80.1285 22.2658 55.5307 0
250 62.2599 65.5117 42.8009 0
251 67.0314 73.5732 9.6841 0
252 93.0989 13.8555 33.7731 0
253 63.1722 76.1007 14.7636 0
254 9.2441 99.4712 4.4756 0
255 47.8120 82.8931 29.0300 0
256 22.3028 25.2612 94.1512 0
257 40.2948 85.1161 33.6390 0
258 90.5072 40.0026 14.4305 0
259 88.5110 18.2224 42.8223 0
260 34.7254 69.1069 63.3908 0
261 51.2038 4.2383 85.7917 0
262 33.3948 4.0433 94.1724 0
263 96.0302 27.3284 5.6004 0
264 85.2773 9.3029 51.3930 0
265 99.4043 4.5994 9.8813 0
266 44.9848 87.2156 19.2306 0
267 26.8233 88.4499 38.1724 0
268 23.0781 95.3447 19.4111 0
269 66.1762 50.2913 55.6012 0
270 22.2020 59.4243 77.3035 0
271 50.6757 8.4147 85.7973 0
272 82.4459 56.4636 3.8124 0
273 50.8219 38.0617 77.2557 0
274 77.9681 55.5497 28.8999 0
275 42.2216 36.1200 83.1426 0
276 8.1043 32.6901 94.1577 0
277 4.5701 99.7997 4.3740 0
278 40.5284 31.5997 85.7841 0
279 37.3046 55.8532 74.0863 0
280 82.6265 8.9929 55.6057 0
281 93.7144 9.1802 33.6650 0
282 83.0698 35.6880 42.7290 0
283 11.0701 26.8131 95.7001 0
284 75.2333 17.8063 63.4262 0
285 36.1264 42.2653 83.1175 0
286 93.1056 36.0861 5.3983 0
287 9.0935 91.9489 38.2454 0
288 3.8263 24.0384 96.9924 0
289 91.8519 26.9232 28.9545 0
290 69.4271 13.2152 70.7477 0
291 59.9262 79.3684 10.4650 0
292 85.6567 4.6546 51.3932 0
293 8.7329 54.8964 83.1272 0
294 63.9610 30.1067 70.7289 0
295 9.7303 16.9186 98.0769 0
296 58.9476 62.2953 51.4244 0
297 2.4844 4.2739 99.8777 0
298 80.5512 35.8794 47.1611 0
299 91.3661 40.3022 5.2889 0
300 30.4425 67.5859 67.1223 0
301 18.3129 86.3119 47.0627 0
302 53.4898 59.8705 59.6184 0
303 49.2101 33.5306 80.3372 0
304 93.0433 27.3495 24.3915 0
305 59.5793 78.9402 14.7903 0
306 59.1957 49.6844 63.4613 0
307 18.2186 97.2050 14.8079 0
308 7.9065 37.4727 92.3758 0
309 20.5442 20.5277 95.6898 0
310 60.8718 17.8332 77.3085 0
311 54.0717 12.9554 83.1169 0
312 34.8318 37.8131 85.7725 0
313 86.2039 27.0666 42.8518 0
314 8.3421 41.9087 90.4106 0
315 43.9110 17.0630 88.2082 0
316 65.7000 26.0120 70.7594 0
317 51.6174 29.8322 80.2850 0
318 7.5171 23.1366 96.9958 0
319 84.6657 13.8916 51.3687 0
320 84.6288 52.4336 9.4174 0
321 64.8711 17.3711 74.0944 0
322 64.2448 74.1169 19.4755 0
323 56.1900 53.0411 63.4769 0
324 24.0036 3.7906 97.0024 0
325 26.5388 78.8196 55.5262 0
326 22.1724 74.0526 63.4397 0
327 4.5550 99.3874 10.0699 0
328 70.7349 22.0573 67.1569 0
329 13.4441 76.1759 63.3757 0
330 4.2926 2.4126 99.8787 0
331 97.1256 13.9243 19.3063 0
332 81.2501 17.8838 55.4851 0
333 65.8395 13.0585 74.1258 0
334 94.6819 31.7722 5.0864 0
335 55.4588 68.5236 47.2106 0
336 34.8757 75.4280 55.6265 0
337 55.4642 77.9702 29.0579 0
338 89.5779 22.4601 38.3582 0
339 4.4073 70.5863 70.6976 0
340 45.6957 58.3049 67.1747 0
341 8.8955 70.1849 70.6749 0
342 28.0832 7.4632 95.6851 0
343 53.8422 63.3222 55.5996 0
344 71.2057 42.8274 55.6377 0
345 46.4660 65.4804 59.6089 0
346 13.7337 98.5391 10.0713 0
347 38.3209 63.4013 67.1698 0
348 65.5345 62.3106 42.6921 0
349 13.7923 93.1697 33.6032 0
350 21.2848 51.3606 83.1207 0
351 61.9732 46.1175 63.5020 0
352 79.6920 31.7680 51.3807 0
353 92.9577 22.5203 29.1838 0
354 65.3826 55.5594 51.3641 0
355 98.5271 9.0859 14.4861 0
356 69.1019 34.7330 63.3920 0
357 61.9848 13.4421 77.3124 0
358 93.9388 18.1334 29.0976 0
359 38.9008 73.4538 55.5992 0
360 13.2240 6.4118 98.9142 0
361 18.3237 98.1405 5.7163 0
362 91.3473 22.8385 33.6759 0
363 66.0848 69.2319 28.9784 0
364 15.5758 34.9915 92.3742 0
365 99.8060 4.6117 4.1832 0
366 13.5111 62.0311 77.2632 0
367 9.3621 3.0003 99.5156 0
368 43.0437 28.1472 85.7612 0
369 13.8459 84.6676 51.3778 0
370 6.3640 13.2283 98.9167 0
371 25.1984 49.4602 83.1789 0
372 4.4536 74.0016 67.1113 0
373 12.9666 53.9989 83.1624 0
374 34.0914 61.9915 70.6741 0
375 98.8739 13.8370 5.7004 0
376 48.6317 87.2394 4.9240 0
377 83.8926 27.2325 47.1214 0
378 74.2497 55.0136 38.2163 0
379 44.3261 89.1098 9.7284 0
380 9.1462 11.4872 98.9161 0
381 22.8315 96.8564 9.8776 0
382 31.7154 34.8658 88.1959 0
383 61.9508 34.0736 70.7184 0
384 39.9233 90.4470 15.0161 0
385 80.7243 48.4377 33.7250 0
386 67.9896 42.7216 59.6010 0
387 79.4325 60.0050 9.4800 0
388 46.1876 61.9924 63.4322 0
389 72.7513 59.7456 33.7300 0
390 3.7393 28.7584 95.7025 0
391 87.0602 39.7619 28.9742 0
392 53.3511 34.3468 77.2914 0
393 84.8816 52.6034 5.2908 0
394 4.4603 77.1637 63.4497 0
395 83.8008 18.4246 51.3611 0
396 42.4352 64.5898 63.4619 0
397 49.6655 59.1792 63.4913 0
398 17.8941 81.2016 55.5527 0
399 79.7840 8.9532 59.6184 0
400 48.3963 86.9050 10.2622 0
401 60.2127 29.7473 74.0914 0
402 84.1047 52.0482 14.7440 0
403 9.0221 62.8105 77.2880 0
404 38.0225 50.7967 77.2915 0
405 30.1435 63.9690 70.7060 0
406 8.6868 46.3027 88.2077 0
407 81.4347 43.5354 38.3805 0
408 89.3882 13.6767 42.6931 0
409 59.0593 65.5501 47.0658 0
410 56.8750 79.9352 19.3805 0
411 51.8779 71.3840 47.0426 0
412 12.3869 40.8930 90.4120 0
413 23.0578 17.6916 95.6836 0
414 90.0994 27.3783 33.6530 0
415 37.7046 20.2043 90.3889 0
416 9.1815 99.0943 9.7991 0
417 13.4811 79.1747 59.5787 0
418 97.2287 18.1394 14.7493 0
419 29.0543 47.3767 83.1342 0
420 39.8260 81.1904 42.6850 0
421 62.0160 25.7352 74.1061 0
422 13.7294 89.3357 42.7860 0
423 59.9859 76.2336 24.2926 0
424 51.6193 74.1632 42.8401 0
425 83.0532 44.3877 33.6438 0
426 22.5936 92.9733 29.0773 0
427 69.2477 26.2676 67.1920 0
428 55.4496 21.7919 80.3147 0
429 95.2769 23.0780 19.7412 0
430 77.1830 4.4476 63.4271 0
431 25.6631 62.0634 74.0914 0
432 86.2665 18.3404 47.1351 0
433 70.3295 38.8820 59.5143 0
434 34.8368 31.7355 88.2001 0
435 52.0354 84.1401 14.5861 0
436 9.2656 87.7533 47.0480 0
437 18.3003 97.7830 10.1773 0
438 54.4410 45.0409 70.7636 0
439 13.7582 96.0383 24.2356 0
440 81.2473 27.4010 51.4593 0
441 62.8226 9.0350 77.2767 0
442 33.1291 19.1663 92.3857 0
443 23.7342 35.5318 90.4112 0
444 9.0183 82.6599 55.5518 0
445 7.4892 28.0626 95.6891 0
446 11.9126 31.5419 94.1446 0
447 93.7620 31.3935 14.9373 0
448 92.3026 18.3956 33.7909 0
449 91.6998 31.7507 24.1463 0
450 76.8666 63.8538 3.7708 0
451 55.3824 4.3877 83.1477 0
452 49.0315 84.9829 19.3345 0
453 42.1478 21.0601 88.2045 0
454 39.5080 16.3465 90.3986 0
455 13.2556 69.4382 70.7293 0
456 63.2436 4.5422 77.3280 0
457 51.9259 68.3124 51.3528 0
458 28.1036 43.0140 85.7904 0
459 4.6044 94.0239 33.7389 0
460 62.0867 68.4806 38.1530 0
461 44.4282 86.2304 24.2991 0
462 4.3761 46.9732 88.1724 0
463 28.4791 25.6161 92.3729 0
464 97.7808 18.2583 10.2734 0
465 22.2811 80.1077 55.5546 0
466 19.2288 3.4161 98.0744 0
467 96.8499 22.7903 10.0354 0
468 52.2823 78.2372 33.8451 0
469 46.6003 37.0934 80.3274 0
470 52.3790 84.5876 10.0688 0
471 78.5502 40.0546 47.1752 0
472 31.4767 93.7405 14.8975 0
473 16.3865 39.5309 90.3814 0
474 68.6317 58.9308 42.6245 0
475 85.1490 22.8277 47.2074 0
476 86.9738 48.4398 9.4418 0
477 4.6890 85.6918 51.3316 0
478 35.7798 92.1947 14.8304 0
479 77.0887 60.6102 19.5892 0
480 58.0398 13.2190 80.3532 0
481 41.5933 57.2086 70.6907 0
482 74.2511 30.7863 59.4893 0
483 11.0221 21.6368 97.0070 0
484 60.6008 77.0895 19.6149 0
485 65.3048 65.3241 38.3152 0
486 17.0221 43.9324 88.2054 0
487 67.2518 73.8038 5.4952 0
488 79.1866 13.4367 59.5730 0
489 31.6237 82.3288 47.1372 0
490 56.4391 82.4297 4.4691 0
491 87.1379 13.8215 47.0739 0
492 73.5838 8.9313 67.1242 0
493 91.0444 40.2107 9.6963 0
494 67.2097 21.8254 70.7567 0
495 76.5745 63.5576 9.8377 0
496 72.9081 13.3327 67.1315 0
497 4.1447 42.5293 90.4106 0
498 25.1450 14.5611 95.6854 0
499 62.3802 62.3830 47.0858 0
500 86.9932 36.0347 33.6702 0
501 44.5577 89.3978 4.7583 0
502 45.2098 24.4394 85.7834 0
503 77.2073 22.2403 59.5348 0
504 98.1646 18.3729 5.1126 0
505 68.2441 51.8582 51.5119 0
506 8.9838 76.7943 63.4187 0
507 42.8747 71.2861 55.4982 0
508 75.4757 34.9151 55.5369 0
509 33.5539 58.1138 74.1412 0
510 19.6807 14.2484 97.0034 0
511 82.4869 53.0012 19.6666 0
512 51.5506 48.4089 70.7044 0
513 73.5239 44.2575 51.3372 0
514 24.8446 40.1259 88.1627 0
515 95.6875 27.2776 9.9921 0
516 92.6388 32.0524 19.7660 0
517 46.8895 4.3667 88.2174 0
518 76.4171 44.1033 47.0672 0
519 27.5975 94.1059 19.5566 0
520 92.8050 35.9190 9.8517 0
521 41.9164 8.3628 90.4051 0
522 55.6847 30.3675 77.3113 0
523 87.6970 9.2082 47.1639 0
524 70.9867 30.5693 63.4539 0
525 89.2231 40.7865 19.3828 0
526 47.3308 29.0517 83.1612 0
527 75.2676 59.1650 28.8840 0
528 18.0460 90.5930 38.3047 0
529 31.7368 94.6567 5.7354 0
530 71.4738 55.3199 42.7926 0
531 15.6348 29.8618 94.1479 0
532 88.4048 26.8495 38.2583 0
533 13.4807 82.0299 55.5820 0
534 17.8299 78.2624 59.6413 0
535 71.9558 17.7245 67.1432 0
536 58.3670 45.6876 67.1263 0
537 74.0190 22.1742 63.4783 0
538 37.8675 34.8353 85.7470 0
539 64.5735 42.4535 63.4662 0
540 35.9850 92.8427 9.2363 0
541 39.7404 87.0031 29.1747 0
542 59.6991 72.7899 33.7290 0
543 47.4550 47.4655 74.1286 0
544 31.6223 94.3442 9.9601 0
545 32.0602 92.6803 19.5579 0
546 83.9808 48.4543 24.4828 0
547 65.5554 58.9779 47.1603 0
548 34.8801 72.3574 59.5633 0
549 78.7772 26.5736 55.5697 0
550 16.7175 48.5921 85.7865 0
551 47.9946 73.9315 47.2297 0
552 22.0563 70.7743 67.1157 0
553 53.2794 40.8485 74.1128 0
554 42.1123 61.0198 67.1055 0
555 20.1267 37.7441 90.3897 0
556 16.8665 9.7882 98.0801 0
557 70.4061 70.3725 9.5229 0
558 37.4298 7.9954 92.3855 0
559 91.0095 36.4531 19.7092 0
560 45.3522 12.9237 88.1825 0
561 25.5795 28.3911 92.4101 0
562 44.1844 73.5220 51.4028 0
563 22.7057 87.5018 42.7538 0
564 66.6897 73.0837 14.5347 0
565 22.8312 97.2150 5.2892 0
566 67.5736 30.4230 67.1435 0
567 48.6289 16.6744 85.7741 0
568 99.0599 9.1477 10.1716 0
569 58.5740 71.4378 38.2848 0
570 55.5247 65.3341 51.4632 0
571 40.7634 89.1834 19.6131 0
572 85.0866 43.8509 28.9372 0
573 46.3419 8.6327 88.1924 0
574 25.8749 53.6733 80.3098 0
575 97.9762 13.6583 14.6328 0
576 48.4269 51.5032 70.7266 0
577 48.4145 80.7951 33.5884 0
578 73.5399 67.0604 9.7355 0
579 68.4353 62.0547 38.2861 0
580 29.6802 60.2602 74.0796 0
581 3.2947 14.3506 98.9101 0
582 96.2846 22.6429 14.7162 0
583 87.1857 44.9764 19.3851 0
584 27.0152 86.2219 42.8481 0
585 82.6908 22.9915 51.3189 0
586 88.8346 35.5970 29.0047 0
587 88.1142 4.6329 47.0578 0
588 75.6128 56.0783 33.7333 0
589 17.6653 23.0477 95.6909 0
590 22.8659 94.3141 24.1248 0
591 70.1899 66.9237 24.3842 0
592 8.9708 73.5594 67.1456 0
593 97.9924 4.6293 19.3924 0
594 46.6563 68.7773 55.6136 0
595 98.5805 13.7695 9.6069 0
596 59.9324 53.5375 59.5134 0
597 76.7355 47.8532 42.6818 0
598 9.0931 95.2566 29.0431 0
599 8.4925 50.7416 85.7506 0
600 4.5023 92.2292 38.3862 0
601 55.4167 49.0984 67.2186 0
602 58.8717 8.8910 80.3434 0
603 66.8976 38.6478 63.4906 0
604 17.8447 75.1789 63.4800 0
605 4.5420 98.7910 14.8225 0
606 35.3226 85.3377 38.3378 0
607 55.9321 81.5868 14.6697 0
608 4.6432 88.0765 47.1271 0
609 76.7838 8.9972 63.4294 0
610 78.3139 52.3495 33.5629 0
611 40.1614 91.0683 9.6760 0
612 98.7810 4.5213 14.8951 0
613 19.0969 33.1047 92.4088 0
614 51.2908 76.8613 38.2308 0
615 63.5693 21.6308 74.1017 0
616 31.3123 90.4682 28.8972 0
617 43.8363 85.0299 29.1257 0
618 58.8521 68.5955 42.7912 0
619 57.1556 60.3449 55.6033 0
620 35.5015 23.7624 90.4157 0
621 56.8416 56.8303 59.4924 0
622 35.8218 80.5809 47.1542 0
623 63.2162 69.7252 33.7951 0
624 44.9507 32.6472 83.1480 0
625 47.9460 41.5825 77.2792 0
626 52.9902 82.5024 19.6315 0
627 90.2388 4.5667 42.8498 0
628 4.2677 51.1942 85.7959 0
629 78.9547 59.5908 14.6658 0
630 72.3306 62.6315 29.0790 0
631 94.0993 27.5832 19.6084 0
632 36.0042 86.9637 33.7788 0
633 29.7861 51.5606 80.3386 0
634 4.4861 83.0498 55.5212 0
635 57.6978 26.3092 77.3226 0
636 17.8619 60.8670 77.3056 0
637 27.1026 95.1219 14.7401 0
638 44.8906 44.8649 77.2785 0
639 39.4564 83.4937 38.3666 0
640 42.7421 68.0075 59.5659 0
641 51.7060 80.4768 29.1543 0
642 4.6436 96.9050 24.2458 0
643 50.2828 66.2143 55.5635 0
644 94.0311 4.6162 33.7170 0
645 18.1309 93.9548 29.0475 0
646 51.2794 21.2182 83.1878 0
647 50.4996 44.2736 74.0921 0
648 35.6920 83.0323 42.7986 0
649 23.0963 7.5131 97.0057 0
650 14.4754 25.1798 95.6893 0
651 22.9600 82.6870 51.3391 0
652 12.9134 45.2916 88.2152 0
653 30.3849 55.6406 77.3362 0
654 38.8656 70.2547 59.6133 0
655 72.3839 34.8476 59.5501 0
656 31.7072 91.6697 24.3172 0
657 14.3259 3.2964 98.9136 0
658 12.6021 49.8183 85.7865 0
659 21.5711 63.6086 74.0854 0
660 56.3034 79.0426 24.1286 0
661 41.5815 47.9814 77.2578 0
662 69.2243 66.0715 29.0268 0
663 84.8177 31.4230 42.6444 0
664 84.9760 48.9960 19.4543 0
665 40.3112 88.2196 24.3375 0
666 90.0686 36.0904 24.1894 0
667 34.4211 65.6346 67.1363 0
668 56.2083 82.1045 9.9741 0
669 90.4437 31.3198 28.9656 0
670 13.3367 72.8578 67.1854 0
671 79.7472 60.2024 4.0073 0
672 68.4485 17.5978 70.7469 0
673 40.0482 24.8435 88.1983 0
674 88.5839 44.0747 14.5020 0
675 81.1241 39.8377 42.8000 0
676 27.3108 93.0491 24.4130 0
677 30.2027 30.1896 90.4234 0
678 27.3368 90.0905 33.7105 0
679 30.6424 70.9778 63.4287 0
680 20.6398 47.0363 85.7997 0
681 52.5512 84.9237 5.1324 0
682 94.7111 13.6588 29.0388 0
683 27.3430 81.2773 51.4428 0
684 55.8419 37.2732 74.1107 0
685 17.1722 52.8736 83.1234 0
686 65.5778 34.3993 67.2030 0
687 52.7940 17.1842 83.1715 0
688 88.1890 40.2757 24.5065 0
689 4.5510 80.2209 59.5307 0
690 11.7999 36.4136 92.3841 0
691 3.3515 19.2256 98.0772 0
692 60.4000 57.2201 55.4770 0
693 92.2228 35.7318 14.7714 0
694 59.7210 37.9091 70.6846 0
695 28.4041 37.6047 88.1992 0
696 77.8234 35.9727 51.4732 0
697 70.9772 67.6485 19.6447 0
698 36.0423 90.0966 24.1567 0
699 89.0864 44.4006 9.6019 0
700 48.0930 86.4660 14.5156 0
701 5.7209 7.9111 99.5223 0
702 27.2814 83.8859 47.1049 0
703 38.0553 3.9799 92.3902 0
704 73.7752 67.2679 5.6788 0
705 56.8901 17.5403 80.3484 0
706 53.0082 56.2600 63.4425 0
707 22.4956 89.5910 38.3066 0
708 26.9807 91.7717 29.1548 0
709 87.5248 22.6757 42.7227 0
710 22.8314 91.2831 33.8546 0
711 17.5493 68.5254 70.6844 0
712 36.0583 93.1381 5.0102 0
713 57.2084 41.5695 70.7049 0
714 4.5366 95.5770 29.0596 0
715 60.1823 79.7540 4.1702 0
716 47.4527 79.2334 38.3446 0
717 95.6148 4.5627 28.9309 0
718 73.9451 48.0731 47.1286 0
719 91.3473 13.5380 38.3718 0
720 95.1802 27.0858 14.3903 0
721 81.6227 52.4412 24.2416 0
722 26.4924 75.8585 59.5285 0
723 82.9117 47.8408 28.9293 0
724 85.1481 40.2387 33.6252 0
725 38.6373 66.9742 63.4163 0
726 36.3553 11.8707 92.3979 0
727 33.5071 49.1985 80.3541 0
728 82.9799 4.4958 55.6249 0
729 31.5287 11.9876 94.1394 0
730 9.1303 98.5261 14.4654 0
731 3.0352 9.3471 99.5159 0
732 4.4766 63.2754 77.3058 0
733 7.9048 5.7421 99.5216 0
734 96.9399 4.5865 24.1166 0
735 71.4189 58.5829 38.3065 0
736 82.1092 56.2913 9.4533 0
737 95.9790 13.8505 24.4173 0
738 4.4141 59.3720 80.3460 0
739 44.1107 76.3394 47.1862 0
740 30.6956 74.2226 59.5717 0
741 40.8672 12.4598 90.4136 0
742 59.4073 4.4390 80.3185 0
743 75.8020 40.2215 51.3448 0
744 21.7516 55.4714 80.3106 0
745 34.3081 53.3961 77.2775 0
746 94.2779 22.8570 24.2740 0
747 9.1806 89.9077 42.8056 0
748 90.6424 18.0737 38.1745 0
749 77.2197 30.7969 55.5758 0
750 70.6420 70.6170 4.7910 0
751 79.0162 56.3122 24.1943 0
752 71.3942 51.8613 47.0453 0
753 40.8704 53.2324 74.1345 0
754 21.6580 11.0375 97.0005 0
755 20.9975 42.2357 88.1774 0
756 44.2914 50.5029 74.0792 0
757 94.3391 31.5836 10.1300 0
758 13.2349 58.0499 80.3433 0
759 52.3777 52.4280 67.1407 0
760 97.1926 22.8333 5.6783 0
761 82.0525 13.4620 55.5532 0
762 62.2369 58.9995 51.4357 0
763 76.8522 51.3562 38.1613 0
764 88.6270 31.7011 33.7683 0
765 52.4122 81.5990 24.3839 0
766 31.1072 86.9653 38.3324 0
767 17.6017 56.9134 80.3184 0
1438
64 0 330 
95 0 297 
297 0 330 
3 1 365 
34 1 365 
33 2 277 
65 2 277 
4 3 182 
182 3 365 
5 4 375 
182 4 375 
6 5 504 
375 5 504 
7 6 760 
504 6 760 
8 7 263 
263 7 760 
9 8 334 
263 8 334 
10 9 286 
286 9 334 
11 10 299 
286 10 299 
12 11 241 
241 11 299 
13 12 117 
117 12 241 
14 13 393 
117 13 393 
15 14 272 
272 14 393 
16 15 671 
272 15 671 
17 16 450 
450 16 671 
18 17 750 
450 17 704 
704 17 750 
19 18 750 
20 19 190 
190 19 487 
487 19 750 
21 20 715 
190 20 715 
22 21 490 
490 21 715 
23 22 681 
490 22 681 
24 23 376 
376 23 681 
25 24 501 
376 24 501 
26 25 151 
151 25 501 
27 26 712 
151 26 712 
28 27 529 
529 27 712 
29 28 177 
177 28 529 
30 29 565 
177 29 565 
31 30 361 
361 30 565 
32 31 162 
162 31 361 
33 32 254 
162 32 254 
254 33 277 
35 34 265 
265 34 365 
36 35 265 
37 36 612 
265 36 612 
38 37 734 
593 37 612 
593 37 734 
39 38 717 
717 38 734 
40 39 717 
41 40 173 
173 40 644 
644 40 717 
42 41 173 
43 42 627 
173 42 627 
44 43 587 
587 43 627 
45 44 292 
292 44 587 
46 45 728 
292 45 728 
47 46 169 
169 46 728 
48 47 430 
169 47 430 
49 48 107 
107 48 430 
50 49 96 
96 49 107 
51 50 214 
96 50 214 
52 51 456 
214 51 456 
53 52 742 
456 52 742 
54 53 451 
451 53 742 
55 54 261 
261 54 451 
56 55 517 
261 55 517 
57 56 230 
230 56 517 
58 57 703 
230 57 703 
59 58 262 
262 58 703 
60 59 166 
166 59 262 
61 60 324 
166 60 324 
62 61 466 
324 61 466 
63 62 657 
466 62 657 
64 63 367 
367 63 657 
330 64 367 
66 65 327 
277 65 327 
67 66 327 
68 67 605 
327 67 605 
69 68 642 
247 68 605 
247 68 642 
70 69 714 
642 69 714 
71 70 714 
72 71 459 
459 71 714 
73 72 600 
459 72 600 
74 73 183 
183 73 600 
75 74 608 
183 74 608 
76 75 634 
477 75 608 
477 75 634 
77 76 634 
78 77 689 
634 77 689 
79 78 394 
394 78 689 
80 79 372 
372 79 394 
81 80 339 
339 80 372 
82 81 215 
215 81 339 
83 82 732 
215 82 732 
84 83 738 
732 83 738 
85 84 131 
131 84 738 
86 85 628 
131 85 628 
87 86 462 
462 86 628 
88 87 497 
462 87 497 
89 88 143 
143 88 497 
90 89 245 
143 89 245 
91 90 390 
245 90 390 
92 91 288 
288 91 390 
93 92 691 
288 92 691 
94 93 581 
581 93 691 
95 94 731 
581 94 731 
297 95 731 
107 96 492 
208 96 214 
208 96 492 
209 97 222 
209 97 730 
222 97 307 
307 97 437 
346 97 437 
346 97 730 
104 98 502 
104 98 646 
220 98 317 
220 98 646 
317 98 526 
502 98 526 
193 99 403 
193 99 455 
215 99 341 
215 99 732 
341 99 455 
403 99 732 
310 100 615 
310 100 705 
421 100 615 
421 100 635 
428 100 635 
428 100 705 
205 101 443 
205 101 561 
382 101 677 
382 101 695 
443 101 695 
561 101 677 
255 102 461 
255 102 765 
452 102 461 
452 102 626 
626 102 765 
124 103 468 
124 103 542 
204 103 424 
204 103 569 
424 103 614 
468 103 614 
542 103 569 
315 104 453 
315 104 567 
453 104 502 
567 104 646 
113 105 498 
113 105 729 
342 105 649 
342 105 729 
498 105 754 
649 105 754 
181 106 257 
181 106 577 
238 106 420 
238 106 716 
257 106 639 
420 106 639 
577 106 716 
430 107 609 
492 107 609 
205 108 256 
205 108 613 
256 108 589 
531 108 613 
531 108 650 
589 108 650 
180 109 185 
180 109 463 
185 109 413 
256 109 309 
256 109 561 
309 109 413 
463 109 561 
178 110 349 
178 110 528 
349 110 645 
426 110 645 
426 110 710 
528 110 710 
238 111 716 
238 111 739 
424 111 551 
424 111 614 
551 111 739 
614 111 716 
202 112 331 
202 112 734 
227 112 717 
227 112 737 
331 112 737 
717 112 734 
171 113 442 
171 113 729 
185 113 442 
185 113 498 
199 114 552 
199 114 679 
326 114 552 
326 114 722 
679 114 740 
722 114 740 
233 115 511 
233 115 629 
320 115 402 
320 115 736 
402 115 511 
629 115 736 
146 116 199 
146 116 659 
199 116 300 
300 116 405 
405 116 431 
431 116 659 
241 117 699 
320 117 393 
320 117 476 
476 117 699 
194 118 340 
194 118 576 
340 118 481 
481 118 753 
576 118 756 
753 118 756 
213 119 429 
213 119 737 
353 119 358 
353 119 746 
358 119 682 
429 119 746 
682 119 737 
201 120 616 
201 120 632 
541 120 632 
541 120 665 
616 120 698 
665 120 698 
136 121 269 
136 121 596 
207 121 269 
207 121 351 
306 121 351 
306 121 596 
271 122 311 
271 122 573 
311 122 687 
560 122 567 
560 122 573 
567 122 687 
378 123 530 
378 123 763 
530 123 752 
597 123 718 
597 123 763 
718 123 752 
158 124 337 
158 124 542 
337 124 468 
140 125 234 
140 125 380 
192 125 234 
192 125 295 
295 125 380 
134 126 301 
134 126 422 
301 126 563 
422 126 528 
528 126 707 
563 126 707 
173 127 281 
173 127 627 
176 127 627 
176 127 719 
252 127 281 
252 127 719 
248 128 282 
248 128 500 
282 128 675 
407 128 425 
407 128 675 
425 128 724 
500 128 724 
164 129 237 
164 129 683 
237 129 622 
489 129 622 
489 129 683 
279 130 481 
279 130 509 
347 130 374 
347 130 554 
374 130 509 
481 130 554 
211 131 293 
211 131 738 
293 131 628 
152 132 155 
152 132 187 
155 132 697 
187 132 363 
363 132 591 
591 132 697 
165 133 237 
165 133 739 
237 133 359 
359 133 507 
507 133 562 
562 133 739 
191 134 369 
191 134 436 
301 134 369 
422 134 436 
200 135 482 
200 135 537 
482 135 749 
503 135 537 
503 135 549 
549 135 749 
269 136 505 
354 136 505 
354 136 692 
596 136 692 
163 137 579 
163 137 662 
389 137 579 
389 137 630 
630 137 662 
167 138 434 
167 138 620 
278 138 368 
278 138 434 
368 138 673 
620 138 673 
170 139 539 
170 139 694 
383 139 686 
383 139 694 
539 139 603 
603 139 686 
226 140 380 
226 140 556 
234 140 510 
510 140 556 
266 141 571 
266 141 700 
379 141 400 
379 141 611 
384 141 571 
384 141 611 
400 141 700 
239 142 284 
239 142 488 
284 142 496 
488 142 609 
492 142 496 
492 142 609 
245 143 308 
308 143 314 
314 143 497 
344 144 433 
344 144 743 
433 144 655 
508 144 655 
508 144 696 
696 144 743 
148 145 150 
148 145 275 
150 145 285 
275 145 538 
285 145 312 
312 145 538 
199 146 552 
243 146 659 
243 146 711 
552 146 711 
394 147 506 
394 147 689 
417 147 506 
417 147 533 
444 147 533 
444 147 689 
150 148 638 
275 148 469 
469 148 625 
625 148 638 
248 149 663 
248 149 764 
313 149 532 
313 149 663 
532 149 764 
223 150 285 
223 150 661 
638 150 661 
501 151 611 
540 151 611 
540 151 712 
155 152 322 
187 152 423 
322 152 484 
423 152 484 
261 153 271 
261 153 451 
271 153 311 
311 153 480 
451 153 602 
480 153 602 
282 154 298 
282 154 663 
298 154 352 
352 154 440 
377 154 440 
377 154 663 
235 155 564 
235 155 697 
322 155 564 
295 156 370 
295 156 483 
318 156 483 
318 156 691 
370 156 581 
581 156 691 
270 157 431 
270 157 744 
431 157 580 
574 157 653 
574 157 744 
580 157 653 
187 158 423 
187 158 542 
337 158 660 
423 158 660 
190 159 291 
190 159 487 
251 159 487 
251 159 564 
253 159 291 
253 159 564 
320 160 402 
320 160 476 
402 160 664 
476 160 699 
583 160 664 
583 160 674 
674 160 699 
166 161 262 
166 161 342 
262 161 558 
342 161 729 
558 161 726 
726 161 729 
254 162 416 
346 162 361 
346 162 416 
363 163 623 
363 163 662 
460 163 485 
460 163 623 
485 163 579 
237 164 336 
325 164 683 
325 164 722 
336 164 740 
722 164 740 
237 165 622 
238 165 420 
238 165 739 
420 165 622 
324 166 342 
180 167 463 
180 167 620 
434 167 677 
463 167 677 
354 168 505 
354 168 547 
474 168 530 
474 168 547 
505 168 752 
530 168 752 
280 169 399 
280 169 728 
399 169 430 
351 170 536 
351 170 539 
536 170 713 
694 170 713 
415 171 442 
415 171 454 
454 171 726 
726 171 729 
189 172 301 
189 172 651 
301 172 563 
563 172 584 
584 172 702 
651 172 702 
281 173 644 
175 174 285 
175 174 458 
223 174 285 
223 174 727 
419 174 458 
419 174 727 
285 175 312 
312 175 382 
382 175 695 
458 175 695 
408 176 523 
408 176 719 
523 176 587 
587 176 627 
216 177 529 
216 177 565 
224 178 287 
224 178 349 
287 178 747 
422 178 528 
422 178 747 
229 179 479 
229 179 630 
274 179 527 
274 179 751 
479 179 751 
527 179 630 
185 180 442 
442 180 620 
255 181 577 
255 181 617 
257 181 617 
265 182 365 
265 182 568 
375 182 568 
287 183 600 
287 183 747 
608 183 747 
325 184 465 
325 184 722 
326 184 604 
326 184 722 
465 184 534 
534 184 604 
413 185 498 
302 186 343 
302 186 397 
343 186 643 
345 186 388 
345 186 643 
388 186 397 
363 187 623 
542 187 623 
197 188 439 
197 188 645 
222 188 236 
222 188 439 
236 188 268 
268 188 590 
590 188 645 
301 189 369 
369 189 533 
398 189 533 
398 189 651 
291 190 715 
369 191 444 
436 191 477 
444 191 634 
477 191 634 
234 192 589 
295 192 483 
483 192 650 
589 192 650 
243 193 366 
243 193 711 
366 193 403 
455 193 711 
340 194 397 
397 194 706 
576 194 759 
706 194 759 
236 195 268 
236 195 307 
268 195 637 
307 195 437 
381 195 437 
381 195 637 
383 196 401 
383 196 694 
392 196 522 
392 196 684 
401 196 522 
684 196 694 
224 197 349 
224 197 598 
349 197 645 
439 197 598 
221 198 505 
221 198 513 
505 198 752 
513 198 718 
718 198 752 
300 199 679 
328 200 427 
328 200 537 
427 200 524 
482 200 524 
267 201 678 
267 201 766 
616 201 678 
632 201 766 
331 202 575 
355 202 575 
355 202 593 
593 202 734 
489 203 648 
489 203 702 
584 203 702 
584 203 766 
606 203 648 
606 203 766 
335 204 411 
335 204 618 
411 204 424 
569 204 618 
256 205 561 
443 205 613 
384 206 478 
384 206 571 
478 206 545 
545 206 698 
571 206 698 
221 207 269 
221 207 386 
351 207 539 
386 207 539 
210 208 214 
210 208 290 
290 208 496 
492 208 496 
222 209 439 
225 209 439 
225 209 642 
247 209 642 
247 209 730 
214 210 456 
290 210 333 
333 210 441 
441 210 456 
293 211 758 
366 211 403 
366 211 758 
403 211 738 
240 212 407 
240 212 597 
385 212 425 
385 212 763 
407 212 425 
597 212 763 
331 213 418 
331 213 737 
418 213 582 
429 213 582 
339 215 341 
381 216 565 
381 216 637 
529 216 544 
544 216 637 
219 217 231 
219 217 697 
229 217 479 
229 217 697 
231 217 479 
371 218 419 
371 218 680 
419 218 458 
458 218 514 
514 218 755 
680 218 755 
231 219 495 
235 219 578 
235 219 697 
495 219 578 
317 220 522 
428 220 635 
428 220 646 
522 220 635 
269 221 505 
344 221 386 
344 221 513 
236 222 307 
404 223 661 
404 223 727 
287 224 459 
459 224 598 
439 225 598 
598 225 714 
642 225 714 
360 226 556 
360 226 733 
380 226 733 
281 227 644 
281 227 682 
644 227 717 
682 227 737 
274 228 610 
274 228 721 
385 228 610 
385 228 723 
721 228 723 
591 229 662 
591 229 697 
630 229 662 
517 230 573 
521 230 573 
521 230 703 
479 231 629 
495 231 629 
360 232 556 
360 232 657 
466 232 649 
466 232 657 
556 232 754 
649 232 754 
479 233 629 
479 233 751 
511 233 751 
309 234 413 
309 234 589 
413 234 510 
557 235 564 
557 235 578 
336 237 359 
249 239 332 
249 239 503 
284 239 503 
332 239 488 
407 240 675 
471 240 518 
471 240 675 
518 240 597 
299 241 699 
525 242 583 
525 242 688 
546 242 572 
546 242 664 
572 242 688 
583 242 664 
366 243 636 
636 243 659 
411 244 457 
411 244 551 
457 244 643 
507 244 562 
507 244 594 
551 244 562 
594 244 643 
276 245 308 
276 245 390 
326 246 552 
326 246 604 
455 246 670 
455 246 711 
552 246 711 
604 246 670 
605 247 730 
282 248 663 
500 248 764 
332 249 585 
440 249 549 
440 249 585 
503 249 549 
348 250 485 
348 250 499 
409 250 499 
409 250 618 
460 250 485 
460 250 618 
487 251 557 
557 251 564 
281 252 682 
358 252 448 
358 252 682 
448 252 748 
719 252 748 
291 253 305 
305 253 484 
322 253 484 
322 253 564 
277 254 416 
461 255 617 
577 255 641 
641 255 765 
309 256 589 
541 257 617 
541 257 632 
632 257 639 
493 258 520 
493 258 674 
520 258 693 
525 258 559 
525 258 674 
559 258 693 
338 259 709 
338 259 748 
408 259 491 
408 259 748 
432 259 491 
432 259 709 
300 260 667 
300 260 679 
548 260 654 
548 260 679 
654 260 725 
667 260 725 
271 261 517 
558 262 703 
334 263 757 
515 263 757 
515 263 760 
280 264 292 
280 264 761 
292 264 523 
319 264 491 
319 264 761 
491 264 523 
355 265 568 
355 265 612 
452 266 461 
452 266 700 
461 266 571 
563 267 584 
563 267 707 
584 267 766 
678 267 710 
707 267 710 
519 268 590 
519 268 637 
431 270 659 
636 270 659 
636 270 767 
744 270 767 
517 271 573 
393 272 736 
671 272 736 
303 273 392 
303 273 469 
392 273 684 
469 273 625 
553 273 625 
553 273 684 
527 274 588 
588 274 610 
721 274 751 
278 275 538 
278 275 624 
469 275 624 
308 276 690 
390 276 445 
445 276 446 
446 276 690 
327 277 416 
368 278 624 
434 278 538 
404 279 745 
404 279 753 
481 279 753 
509 279 745 
292 280 728 
399 280 761 
298 282 675 
318 283 445 
318 283 483 
445 283 446 
446 283 531 
483 283 650 
531 283 650 
496 284 535 
503 284 537 
535 284 537 
299 286 493 
334 286 520 
493 286 520 
459 287 600 
318 288 445 
318 288 691 
390 288 445 
304 289 669 
304 289 746 
353 289 362 
353 289 746 
362 289 414 
414 289 669 
333 290 672 
496 290 535 
535 290 672 
305 291 607 
607 291 668 
668 291 715 
523 292 587 
373 293 599 
373 293 758 
599 293 628 
316 294 421 
316 294 566 
383 294 401 
383 294 686 
401 294 421 
566 294 686 
370 295 380 
343 296 570 
343 296 619 
409 296 499 
409 296 570 
499 296 762 
619 296 692 
692 296 762 
330 297 733 
701 297 731 
701 297 733 
352 298 696 
471 298 675 
471 298 696 
493 299 699 
405 300 667 
343 302 619 
397 302 706 
619 302 621 
621 302 706 
317 303 392 
317 303 526 
469 303 624 
526 303 624 
449 304 631 
449 304 669 
631 304 746 
410 305 484 
410 305 607 
323 306 596 
323 306 601 
351 306 536 
536 306 601 
314 308 412 
412 308 690 
321 310 357 
321 310 615 
357 310 480 
480 310 705 
480 311 705 
687 311 705 
382 312 434 
434 312 538 
377 313 475 
377 313 663 
475 313 709 
532 313 709 
406 314 497 
406 314 652 
412 314 652 
453 315 454 
454 315 741 
560 315 567 
560 315 741 
421 316 615 
427 316 494 
427 316 566 
494 316 615 
392 317 522 
332 319 395 
332 319 761 
395 319 432 
432 319 491 
393 320 736 
333 321 357 
333 321 672 
494 321 615 
494 321 672 
596 323 621 
601 323 759 
621 323 706 
706 323 759 
342 324 649 
466 324 649 
465 325 683 
416 327 730 
605 327 730 
427 328 494 
494 328 672 
535 328 537 
535 328 672 
417 329 506 
417 329 534 
506 329 592 
534 329 604 
592 329 670 
604 329 670 
367 330 733 
418 331 575 
395 332 585 
488 332 761 
357 333 441 
520 334 757 
409 335 570 
409 335 618 
411 335 457 
457 335 570 
359 336 548 
548 336 740 
468 337 641 
641 337 765 
660 337 765 
362 338 532 
362 338 748 
532 338 709 
341 339 592 
372 339 592 
388 340 397 
388 340 554 
481 340 554 
455 341 670 
592 341 670 
570 343 643 
386 344 433 
513 344 743 
388 345 396 
396 345 640 
594 345 640 
594 345 643 
361 346 437 
416 346 730 
374 347 667 
396 347 554 
396 347 725 
667 347 725 
474 348 547 
474 348 579 
485 348 579 
499 348 547 
371 350 574 
371 350 680 
550 350 680 
550 350 685 
574 350 744 
685 350 744 
440 352 749 
696 352 749 
358 353 448 
362 353 448 
547 354 762 
692 354 762 
568 355 575 
593 355 612 
433 356 603 
433 356 655 
524 356 566 
524 356 655 
566 356 686 
603 356 686 
441 357 602 
480 357 602 
507 359 654 
548 359 654 
367 360 657 
367 360 733 
381 361 437 
381 361 565 
414 362 532 
448 362 748 
591 363 662 
446 364 531 
446 364 690 
473 364 555 
473 364 690 
531 364 613 
555 364 613 
636 366 758 
502 368 526 
502 368 673 
526 368 624 
444 369 533 
380 370 701 
581 370 731 
701 370 731 
419 371 633 
574 371 633 
394 372 506 
506 372 592 
599 373 658 
658 373 685 
685 373 767 
758 373 767 
405 374 580 
405 374 667 
509 374 580 
504 375 595 
568 375 595 
379 376 400 
379 376 501 
400 376 681 
440 377 585 
475 377 585 
389 378 588 
389 378 735 
530 378 735 
588 378 763 
501 379 611 
701 380 733 
434 382 677 
478 384 611 
425 385 723 
610 385 763 
433 386 603 
539 386 603 
450 387 495 
450 387 671 
495 387 629 
629 387 736 
671 387 736 
396 388 554 
527 389 588 
527 389 630 
579 389 735 
500 391 586 
500 391 724 
572 391 688 
572 391 724 
586 391 688 
432 395 475 
475 395 585 
640 396 725 
417 398 533 
417 398 534 
465 398 534 
465 398 651 
430 399 609 
488 399 609 
488 399 761 
435 400 470 
435 400 700 
470 400 681 
421 401 635 
522 401 635 
511 402 664 
732 403 738 
661 404 753 
727 404 745 
431 405 580 
462 406 497 
462 406 599 
599 406 658 
652 406 658 
491 408 523 
719 408 748 
484 410 660 
607 410 626 
626 410 660 
424 411 551 
473 412 486 
473 412 690 
486 412 652 
498 413 510 
532 414 764 
669 414 764 
442 415 620 
453 415 454 
453 415 673 
620 415 673 
464 418 575 
464 418 582 
633 419 727 
622 420 648 
639 420 648 
436 422 747 
484 423 660 
572 425 723 
572 425 724 
590 426 645 
590 426 676 
676 426 708 
708 426 710 
524 427 566 
646 428 687 
687 428 705 
582 429 720 
631 429 720 
631 429 746 
475 432 709 
452 435 626 
452 435 700 
470 435 607 
607 435 626 
477 436 608 
608 436 747 
512 438 601 
512 438 647 
536 438 601 
536 438 713 
553 438 647 
553 438 713 
549 440 749 
456 441 742 
602 441 742 
514 443 555 
514 443 695 
555 443 613 
634 444 689 
516 447 631 
516 447 693 
631 447 720 
693 447 757 
720 447 757 
516 449 559 
516 449 631 
559 449 666 
666 449 669 
495 450 704 
602 451 742 
502 453 673 
726 454 741 
570 457 643 
514 458 695 
598 459 714 
542 460 569 
542 460 623 
569 460 618 
571 461 665 
617 461 665 
599 462 628 
561 463 677 
467 464 582 
467 464 760 
504 464 595 
504 464 760 
575 464 595 
651 465 683 
515 467 720 
515 467 760 
582 467 720 
577 468 641 
577 468 716 
614 468 716 
607 470 668 
668 470 681 
518 471 743 
696 471 743 
478 472 544 
478 472 545 
519 472 545 
519 472 637 
544 472 637 
486 473 755 
555 473 755 
530 474 735 
579 474 735 
540 478 544 
540 478 611 
508 482 655 
508 482 749 
524 482 655 
550 486 652 
550 486 680 
680 486 755 
557 487 750 
622 489 648 
683 489 702 
668 490 681 
668 490 715 
674 493 699 
578 495 704 
510 498 754 
547 499 762 
586 500 764 
594 507 640 
640 507 654 
696 508 749 
580 509 653 
653 509 745 
556 510 754 
664 511 721 
721 511 751 
543 512 576 
543 512 647 
576 512 759 
601 512 759 
518 513 718 
518 513 743 
555 514 755 
720 515 757 
559 516 693 
597 518 718 
545 519 656 
590 519 676 
656 519 676 
693 520 757 
558 521 703 
558 521 741 
560 521 573 
560 521 741 
559 525 688 
583 525 674 
707 528 710 
540 529 544 
540 529 712 
617 541 665 
576 543 756 
638 543 647 
638 543 756 
656 545 698 
572 546 723 
664 546 721 
721 546 723 
679 548 740 
652 550 658 
658 550 685 
562 551 739 
625 553 647 
684 553 713 
578 557 704 
704 557 750 
726 558 741 
666 559 688 
646 567 687 
575 568 595 
665 571 698 
633 574 653 
666 586 669 
666 586 688 
669 586 764 
610 588 763 
621 596 692 
632 606 639 
632 606 766 
639 606 648 
656 616 676 
656 616 698 
676 616 708 
678 616 708 
621 619 692 
638 625 647 
660 626 765 
653 633 745 
727 633 745 
758 636 767 
661 638 756 
654 640 725 
683 651 702 
753 661 756 
708 678 710 
694 684 713 
744 685 767 
