217
0 0.0000 0.0000 24.5000 0
1 24.4713 1.1865 0.0000 0
2 23.5518 6.7502 0.0000 0
3 22.7893 8.9942 0.0000 0
4 18.5219 16.0371 0.0000 0
5 15.4772 18.9922 0.0000 0
6 12.7942 20.8940 0.0000 0
7 7.3554 23.3698 0.0000 0
8 1.1498 24.4730 0.0000 0
9 -5.6552 23.8384 0.0000 0
10 -10.6726 22.0533 0.0000 0
11 -12.6617 20.9745 0.0000 0
12 -18.9597 15.5171 0.0000 0
13 -21.8292 11.1236 0.0000 0
14 -23.1998 7.8751 0.0000 0
15 -24.4528 1.5206 0.0000 0
16 -24.4653 -1.3029 0.0000 0
17 -23.3100 -7.5427 0.0000 0
18 -20.1422 -13.9478 0.0000 0
19 -17.0113 -17.6314 0.0000 0
20 -12.2815 -21.1994 0.0000 0
21 -8.5202 -22.9708 0.0000 0
22 -5.6801 -23.8325 0.0000 0
23 2.6387 -24.3575 0.0000 0
24 8.1158 -23.1167 0.0000 0
25 12.0672 -21.3221 0.0000 0
26 16.5892 -18.0291 0.0000 0
27 20.0454 -14.0866 0.0000 0
28 22.0619 -10.6547 0.0000 0
29 24.0464 -4.6926 0.0000 0
30 23.6349 -1.1964 6.3411 0
31 22.8934 5.9945 6.3411 0
32 22.0051 8.7072 6.3411 0
33 18.9975 14.1116 6.3411 0
34 16.0096 17.4279 6.3411 0
35 11.5687 20.6448 6.3411 0
36 4.1120 23.3052 6.3411 0
37 -0.7091 23.6546 6.3411 0
38 -4.6149 23.2108 6.3411 0
39 -11.7187 20.5600 6.3411 0
40 -13.3933 19.5105 6.3411 0
41 -18.3623 14.9287 6.3411 0
42 -21.1310 10.6547 6.3411 0
43 -23.2676 4.3196 6.3411 0
44 -23.6408 -1.0742 6.3411 0
45 -23.2986 -4.1491 6.3411 0
46 -21.3377 -10.2344 6.3411 0
47 -18.6250 -14.5996 6.3411 0
48 -14.3349 -18.8295 6.3411 0
49 -9.5761 -21.6412 6.3411 0
50 -4.3583 -23.2604 6.3411 0
51 -0.8151 -23.6511 6.3411 0
52 5.9017 -22.9175 6.3411 0
53 10.7736 -21.0706 6.3411 0
54 13.7754 -19.2427 6.3411 0
55 17.6062 -15.8134 6.3411 0
56 21.3190 -10.2733 6.3411 0
57 23.3863 -3.6226 6.3411 0
58 21.2112 -0.5209 12.2500 0
59 20.4801 5.5457 12.2500 0
60 19.0105 9.4228 12.2500 0
61 14.8942 15.1113 12.2500 0
62 12.0356 17.4737 12.2500 0
63 6.5381 20.1852 12.2500 0
64 0.6833 21.2066 12.2500 0
65 -5.2211 20.5652 12.2500 0
66 -10.3667 18.5127 12.2500 0
67 -13.6430 16.2498 12.2500 0
68 -16.4460 13.4058 12.2500 0
69 -19.2778 8.8631 12.2500 0
70 -20.9365 3.4424 12.2500 0
71 -20.8821 -3.7584 12.2500 0
72 -20.0087 -7.0597 12.2500 0
73 -16.5427 -13.2864 12.2500 0
74 -14.1589 -15.8023 12.2500 0
75 -7.7476 -19.7525 12.2500 0
76 -4.4556 -20.7445 12.2500 0
77 0.3429 -21.2149 12.2500 0
78 5.7793 -20.4154 12.2500 0
79 11.6869 -17.7088 12.2500 0
80 15.4072 -14.5879 12.2500 0
81 18.3551 -10.6432 12.2500 0
82 20.7928 -4.2244 12.2500 0
83 17.3226 0.2297 17.3241 0
84 16.4343 5.4807 17.3241 0
85 13.3259 11.0700 17.3241 0
86 10.6439 13.6687 17.3241 0
87 4.6904 16.6771 17.3241 0
88 -0.6833 17.3106 17.3241 0
89 -5.0462 16.5729 17.3241 0
90 -10.3301 13.9073 17.3241 0
91 -13.3139 11.0844 17.3241 0
92 -16.0656 6.4825 17.3241 0
93 -17.3239 -0.0830 17.3241 0
94 -16.2284 -6.0634 17.3241 0
95 -13.2969 -11.1049 17.3241 0
96 -10.9721 -13.4066 17.3241 0
97 -5.1768 -16.5326 17.3241 0
98 -0.0825 -17.3239 17.3241 0
99 4.0887 -16.8347 17.3241 0
100 9.8247 -14.2689 17.3241 0
101 13.4615 -10.9047 17.3241 0
102 16.7039 -4.5941 17.3241 0
103 12.2448 -0.3559 21.2176 0
104 11.0134 5.3635 21.2176 0
105 8.1204 9.1718 21.2176 0
106 2.5381 11.9842 21.2176 0
107 -2.2884 12.0344 21.2176 0
108 -7.8627 9.3936 21.2176 0
109 -11.1870 4.9914 21.2176 0
110 -12.2411 -0.4678 21.2176 0
111 -11.0770 -5.2309 21.2176 0
112 -8.2352 -9.0688 21.2176 0
113 -3.2216 -11.8188 21.2176 0
114 3.4798 -11.7454 21.2176 0
115 7.1146 -9.9722 21.2176 0
116 11.2895 -4.7551 21.2176 0
117 6.3409 0.0415 23.6652 0
118 2.6945 5.7401 23.6652 0
119 -2.7671 5.7055 23.6652 0
120 -6.3408 0.0621 23.6652 0
121 -3.5319 -5.2664 23.6652 0
122 3.5933 -5.2247 23.6652 0
123 0.0000 0.0000 -24.5000 0
124 23.6349 -1.1964 -6.3411 0
125 22.8934 5.9945 -6.3411 0
126 22.0051 8.7072 -6.3411 0
127 18.9975 14.1116 -6.3411 0
128 16.0096 17.4279 -6.3411 0
129 11.5687 20.6448 -6.3411 0
130 4.1120 23.3052 -6.3411 0
131 -0.7091 23.6546 -6.3411 0
132 -4.6149 23.2108 -6.3411 0
133 -11.7187 20.5600 -6.3411 0
134 -13.3933 19.5105 -6.3411 0
135 -18.3623 14.9287 -6.3411 0
136 -21.1310 10.6547 -6.3411 0
137 -23.2676 4.3196 -6.3411 0
138 -23.6408 -1.0742 -6.3411 0
139 -23.2986 -4.1491 -6.3411 0
140 -21.3377 -10.2344 -6.3411 0
141 -18.6250 -14.5996 -6.3411 0
142 -14.3349 -18.8295 -6.3411 0
143 -9.5761 -21.6412 -6.3411 0
144 -4.3583 -23.2604 -6.3411 0
145 -0.8151 -23.6511 -6.3411 0
146 5.9017 -22.9175 -6.3411 0
147 10.7736 -21.0706 -6.3411 0
148 13.7754 -19.2427 -6.3411 0
149 17.6062 -15.8134 -6.3411 0
150 21.3190 -10.2733 -6.3411 0
151 23.3863 -3.6226 -6.3411 0
152 21.2112 -0.5209 -12.2500 0
153 20.4801 5.5457 -12.2500 0
154 19.0105 9.4228 -12.2500 0
155 14.8942 15.1113 -12.2500 0
156 12.0356 17.4737 -12.2500 0
157 6.5381 20.1852 -12.2500 0
158 0.6833 21.2066 -12.2500 0
159 -5.2211 20.5652 -12.2500 0
160 -10.3667 18.5127 -12.2500 0
161 -13.6430 16.2498 -12.2500 0
162 -16.4460 13.4058 -12.2500 0
163 -19.2778 8.8631 -12.2500 0
164 -20.9365 3.4424 -12.2500 0
165 -20.8821 -3.7584 -12.2500 0
166 -20.0087 -7.0597 -12.2500 0
167 -16.5427 -13.2864 -12.2500 0
168 -14.1589 -15.8023 -12.2500 0
169 -7.7476 -19.7525 -12.2500 0
170 -4.4556 -20.7445 -12.2500 0
171 0.3429 -21.2149 -12.2500 0
172 5.7793 -20.4154 -12.2500 0
173 11.6869 -17.7088 -12.2500 0
174 15.4072 -14.5879 -12.2500 0
175 18.3551 -10.6432 -12.2500 0
176 20.7928 -4.2244 -12.2500 0
177 17.3226 0.2297 -17.3241 0
178 16.4343 5.4807 -17.3241 0
179 13.3259 11.0700 -17.3241 0
180 10.6439 13.6687 -17.3241 0
181 4.6904 16.6771 -17.3241 0
182 -0.6833 17.3106 -17.3241 0
183 -5.0462 16.5729 -17.3241 0
184 -10.3301 13.9073 -17.3241 0
185 -13.3139 11.0844 -17.3241 0
186 -16.0656 6.4825 -17.3241 0
187 -17.3239 -0.0830 -17.3241 0
188 -16.2284 -6.0634 -17.3241 0
189 -13.2969 -11.1049 -17.3241 0
190 -10.9721 -13.4066 -17.3241 0
191 -5.1768 -16.5326 -17.3241 0
192 -0.0825 -17.3239 -17.3241 0
193 4.0887 -16.8347 -17.3241 0
194 9.8247 -14.2689 -17.3241 0
195 13.4615 -10.9047 -17.3241 0
196 16.7039 -4.5941 -17.3241 0
197 12.2448 -0.3559 -21.2176 0
198 11.0134 5.3635 -21.2176 0
199 8.1204 9.1718 -21.2176 0
200 2.5381 11.9842 -21.2176 0
201 -2.2884 12.0344 -21.2176 0
202 -7.8627 9.3936 -21.2176 0
203 -11.1870 4.9914 -21.2176 0
204 -12.2411 -0.4678 -21.2176 0
205 -11.0770 -5.2309 -21.2176 0
206 -8.2352 -9.0688 -21.2176 0
207 -3.2216 -11.8188 -21.2176 0
208 3.4798 -11.7454 -21.2176 0
209 7.1146 -9.9722 -21.2176 0
210 11.2895 -4.7551 -21.2176 0
211 6.3409 0.0415 -23.6652 0
212 2.6945 5.7401 -23.6652 0
213 -2.7671 5.7055 -23.6652 0
214 -6.3408 0.0621 -23.6652 0
215 -3.5319 -5.2664 -23.6652 0
216 3.5933 -5.2247 -23.6652 0
430
0 117 118
0 117 122
0 118 119
0 119 120
0 120 121
0 121 122
1 2 31
1 2 125
1 29 30
1 29 124
1 30 31
1 124 125
2 3 32
2 3 126
2 31 32
2 125 126
3 4 33
3 4 127
3 32 33
3 126 127
4 5 34
4 5 128
4 33 34
4 127 128
5 6 35
5 6 129
5 34 35
5 128 129
6 7 35
6 7 129
7 8 36
7 8 130
7 35 36
7 129 130
8 9 37
8 9 131
8 36 37
8 130 131
9 10 38
9 10 132
9 37 38
9 131 132
10 11 39
10 11 133
10 38 39
10 132 133
11 12 40
11 12 134
11 39 40
11 133 134
12 13 41
12 13 135
12 40 41
12 134 135
13 14 42
13 14 136
13 41 42
13 135 136
14 15 43
14 15 137
14 42 43
14 136 137
15 16 44
15 16 138
15 43 44
15 137 138
16 17 45
16 17 139
16 44 45
16 138 139
17 18 46
17 18 140
17 45 46
17 139 140
18 19 47
18 19 141
18 46 47
18 140 141
19 20 48
19 20 142
19 47 48
19 141 142
20 21 49
20 21 143
20 48 49
20 142 143
21 22 50
21 22 144
21 49 50
21 143 144
22 23 51
22 23 145
22 50 51
22 144 145
23 24 52
23 24 146
23 51 52
23 145 146
24 25 53
24 25 147
24 52 53
24 146 147
25 26 54
25 26 148
25 53 54
25 147 148
26 27 55
26 27 149
26 54 55
26 148 149
27 28 56
27 28 150
27 55 56
27 149 150
28 29 56
28 29 150
29 30 57
29 56 57
29 124 151
29 150 151
30 31 58
30 57 58
31 32 59
31 58 59
32 33 60
32 59 60
33 34 61
33 60 61
34 35 62
34 61 62
35 36 63
35 62 63
36 37 64
36 63 64
37 38 65
37 64 65
38 39 65
39 40 66
39 65 66
40 41 67
40 66 67
41 42 68
41 67 68
42 43 69
42 68 69
43 44 70
43 69 70
44 45 71
44 70 71
45 46 72
45 71 72
46 47 73
46 72 73
47 48 74
47 73 74
48 49 75
48 74 75
49 50 75
50 51 76
50 75 76
51 52 77
51 76 77
52 53 78
52 77 78
53 54 79
53 78 79
54 55 80
54 79 80
55 56 81
55 80 81
56 57 82
56 81 82
57 58 82
58 59 83
58 82 83
59 60 84
59 83 84
60 61 85
60 84 85
61 62 86
61 85 86
62 63 87
62 86 87
63 64 87
64 65 88
64 87 88
65 66 89
65 88 89
66 67 90
66 89 90
67 68 91
67 90 91
68 69 91
69 70 92
69 91 92
70 71 93
70 92 93
71 72 94
71 93 94
72 73 94
73 74 95
73 94 95
74 75 96
74 95 96
75 76 97
75 96 97
76 77 98
76 97 98
77 78 99
77 98 99
78 79 100
78 99 100
79 80 100
80 81 101
80 100 101
81 82 102
81 101 102
82 83 102
83 84 103
83 102 103
84 85 104
84 103 104
85 86 105
85 104 105
86 87 105
87 88 106
87 105 106
88 89 107
88 106 107
89 90 108
89 107 108
90 91 108
91 92 109
91 108 109
92 93 110
92 109 110
93 94 110
94 95 111
94 110 111
95 96 112
95 111 112
96 97 113
96 112 113
97 98 113
98 99 114
98 113 114
99 100 114
100 101 115
100 114 115
101 102 116
101 115 116
102 103 116
103 104 117
103 116 117
104 105 118
104 117 118
105 106 118
106 107 118
107 108 119
107 118 119
108 109 119
109 110 120
109 119 120
110 111 120
111 112 121
111 120 121
112 113 121
113 114 122
113 121 122
114 115 122
115 116 122
116 117 122
123 211 212
123 211 216
123 212 213
123 213 214
123 214 215
123 215 216
124 125 152
124 151 152
125 126 153
125 152 153
126 127 154
126 153 154
127 128 155
127 154 155
128 129 156
128 155 156
129 130 157
129 156 157
130 131 158
130 157 158
131 132 159
131 158 159
132 133 159
133 134 160
133 159 160
134 135 161
134 160 161
135 136 162
135 161 162
136 137 163
136 162 163
137 138 164
137 163 164
138 139 165
138 164 165
139 140 166
139 165 166
140 141 167
140 166 167
141 142 168
141 167 168
142 143 169
142 168 169
143 144 169
144 145 170
144 169 170
145 146 171
145 170 171
146 147 172
146 171 172
147 148 173
147 172 173
148 149 174
148 173 174
149 150 175
149 174 175
150 151 176
150 175 176
151 152 176
152 153 177
152 176 177
153 154 178
153 177 178
154 155 179
154 178 179
155 156 180
155 179 180
156 157 181
156 180 181
157 158 181
158 159 182
158 181 182
159 160 183
159 182 183
160 161 184
160 183 184
161 162 185
161 184 185
162 163 185
163 164 186
163 185 186
164 165 187
164 186 187
165 166 188
165 187 188
166 167 188
167 168 189
167 188 189
168 169 190
168 189 190
169 170 191
169 190 191
170 171 192
170 191 192
171 172 193
171 192 193
172 173 194
172 193 194
173 174 194
174 175 195
174 194 195
175 176 196
175 195 196
176 177 196
177 178 197
177 196 197
178 179 198
178 197 198
179 180 199
179 198 199
180 181 199
181 182 200
181 199 200
182 183 201
182 200 201
183 184 202
183 201 202
184 185 202
185 186 203
185 202 203
186 187 204
186 203 204
187 188 204
188 189 205
188 204 205
189 190 206
189 205 206
190 191 207
190 206 207
191 192 207
192 193 208
192 207 208
193 194 208
194 195 209
194 208 209
195 196 210
195 209 210
196 197 210
197 198 211
197 210 211
198 199 212
198 211 212
199 200 212
200 201 212
201 202 213
201 212 213
202 203 213
203 204 214
203 213 214
204 205 214
205 206 215
205 214 215
206 207 215
207 208 216
207 215 216
208 209 216
209 210 216
210 211 216
