688
0 0.0000 0.0000 24.5000 0
1 24.4917 -0.6388 0.0000 0
2 24.4065 2.1384 0.0000 0
3 23.4854 6.9776 0.0000 0
4 22.6067 9.4438 0.0000 0
5 21.4075 11.9152 0.0000 0
6 20.0614 14.0638 0.0000 0
7 18.3584 16.2240 0.0000 0
8 15.4065 19.0496 0.0000 0
9 12.2013 21.2457 0.0000 0
10 11.0884 21.8471 0.0000 0
11 8.0801 23.1292 0.0000 0
12 4.8155 24.0221 0.0000 0
13 2.4802 24.3741 0.0000 0
14 -1.9457 24.4226 0.0000 0
15 -4.3779 24.1057 0.0000 0
16 -8.5821 22.9477 0.0000 0
17 -10.2348 22.2598 0.0000 0
18 -13.3530 20.5414 0.0000 0
19 -15.0185 19.3570 0.0000 0
20 -17.6785 16.9623 0.0000 0
21 -19.3698 15.0021 0.0000 0
22 -21.7395 11.2980 0.0000 0
23 -23.0697 8.2486 0.0000 0
24 -23.6458 6.4130 0.0000 0
25 -24.3550 2.6619 0.0000 0
26 -24.4957 0.4567 0.0000 0
27 -24.2982 -3.1381 0.0000 0
28 -23.5362 -6.8044 0.0000 0
29 -22.6990 -9.2198 0.0000 0
30 -21.6431 -11.4815 0.0000 0
31 -20.0794 -14.0380 0.0000 0
32 -17.9316 -16.6946 0.0000 0
33 -15.7487 -18.7677 0.0000 0
34 -13.3897 -20.5175 0.0000 0
35 -10.3144 -22.2230 0.0000 0
36 -7.0574 -23.4615 0.0000 0
37 -4.7556 -24.0340 0.0000 0
38 -1.6948 -24.4413 0.0000 0
39 0.7071 -24.4898 0.0000 0
40 3.5505 -24.2414 0.0000 0
41 7.1269 -23.4405 0.0000 0
42 10.0639 -22.3376 0.0000 0
43 13.4144 -20.5013 0.0000 0
44 16.3844 -18.2154 0.0000 0
45 18.5074 -16.0539 0.0000 0
46 19.7659 -14.4762 0.0000 0
47 21.1862 -12.3042 0.0000 0
48 22.9885 -8.4722 0.0000 0
49 23.8668 -5.5340 0.0000 0
50 24.3679 -2.5403 0.0000 0
51 24.2446 0.5402 3.4867 0
52 24.1476 2.2328 3.4867 0
53 23.3522 6.5398 3.4867 0
54 22.5088 9.0249 3.4867 0
55 21.4358 11.3401 3.4867 0
56 19.9540 13.7816 3.4867 0
57 16.9138 17.3786 3.4867 0
58 15.6766 18.5024 3.4867 0
59 13.2031 20.3413 3.4867 0
60 9.4786 22.3215 3.4867 0
61 6.0574 23.4819 3.4867 0
62 3.8342 23.9456 3.4867 0
63 0.3280 24.2484 3.4867 0
64 -1.5631 24.2002 3.4867 0
65 -6.3715 23.3987 3.4867 0
66 -8.4603 22.7270 3.4867 0
67 -11.5686 21.3134 3.4867 0
68 -13.0193 20.4595 3.4867 0
69 -16.8046 17.4842 3.4867 0
70 -18.8180 15.2962 3.4867 0
71 -19.8526 13.9272 3.4867 0
72 -21.8731 10.4719 3.4867 0
73 -22.8906 8.0071 3.4867 0
74 -23.8229 4.5346 3.4867 0
75 -24.1854 1.7774 3.4867 0
76 -24.2121 -1.3658 3.4867 0
77 -23.9286 -3.9391 3.4867 0
78 -23.1803 -7.1250 3.4867 0
79 -22.2891 -9.5544 3.4867 0
80 -19.7966 -14.0067 3.4867 0
81 -18.2428 -15.9779 3.4867 0
82 -15.5811 -18.5828 3.4867 0
83 -14.4794 -19.4535 3.4867 0
84 -10.3810 -21.9164 3.4867 0
85 -7.7593 -22.9758 3.4867 0
86 -5.2289 -23.6802 3.4867 0
87 -2.4609 -24.1254 3.4867 0
88 0.2400 -24.2494 3.4867 0
89 4.4207 -23.8443 3.4867 0
90 6.3212 -23.4123 3.4867 0
91 8.9252 -22.5485 3.4867 0
92 13.0744 -20.4243 3.4867 0
93 15.4149 -18.7209 3.4867 0
94 17.7490 -16.5247 3.4867 0
95 19.6215 -14.2509 3.4867 0
96 21.0414 -12.0563 3.4867 0
97 22.3863 -9.3245 3.4867 0
98 23.6255 -5.4708 3.4867 0
99 23.9964 -3.5021 3.4867 0
100 23.4981 0.6686 6.9024 0
101 23.2183 3.6765 6.9024 0
102 22.5013 6.8043 6.9024 0
103 21.7136 9.0070 6.9024 0
104 20.2124 12.0026 6.9024 0
105 18.0510 15.0588 6.9024 0
106 16.7064 16.5379 6.9024 0
107 15.0410 18.0658 6.9024 0
108 11.0723 20.7367 6.9024 0
109 8.7377 21.8234 6.9024 0
110 6.3813 22.6249 6.9024 0
111 2.0181 23.4208 6.9024 0
112 0.5863 23.5003 6.9024 0
113 -3.3894 23.2620 6.9024 0
114 -6.2995 22.6478 6.9024 0
115 -8.7740 21.8088 6.9024 0
116 -11.0890 20.7278 6.9024 0
117 -13.4967 19.2470 6.9024 0
118 -16.5034 16.7405 6.9024 0
119 -18.2335 14.8374 6.9024 0
120 -20.5939 11.3357 6.9024 0
121 -21.6112 9.2499 6.9024 0
122 -22.8836 5.3801 6.9024 0
123 -23.3662 2.5740 6.9024 0
124 -23.5071 -0.1510 6.9024 0
125 -23.3862 -2.3861 6.9024 0
126 -22.4356 -7.0179 6.9024 0
127 -21.9042 -8.5331 6.9024 0
128 -19.8920 -12.5266 6.9024 0
129 -19.0014 -13.8402 6.9024 0
130 -16.8113 -16.4312 6.9024 0
131 -14.9961 -18.1031 6.9024 0
132 -11.4949 -20.5055 6.9024 0
133 -9.6194 -21.4493 6.9024 0
134 -7.0130 -22.4371 6.9024 0
135 -2.5974 -23.3636 6.9024 0
136 -0.3243 -23.5053 6.9024 0
137 3.4065 -23.2594 6.9024 0
138 5.8454 -22.7692 6.9024 0
139 9.2455 -21.6131 6.9024 0
140 10.8624 -20.8474 6.9024 0
141 14.9929 -18.1058 6.9024 0
142 17.0680 -16.1645 6.9024 0
143 18.9633 -13.8924 6.9024 0
144 20.6828 -11.1727 6.9024 0
145 21.6220 -9.2246 6.9024 0
146 22.7698 -5.8431 6.9024 0
147 23.3269 -2.9092 6.9024 0
148 22.2859 0.0612 10.1777 0
149 22.1281 2.6477 10.1777 0
150 21.5580 5.6495 10.1777 0
151 20.3991 8.9745 10.1777 0
152 19.1874 11.3362 10.1777 0
153 16.6672 14.7942 10.1777 0
154 14.1626 17.2072 10.1777 0
155 13.2435 17.9242 10.1777 0
156 9.7042 20.0622 10.1777 0
157 7.6809 20.9205 10.1777 0
158 3.2630 22.0458 10.1777 0
159 -0.2176 22.2849 10.1777 0
160 -1.4514 22.2387 10.1777 0
161 -6.2546 21.3903 10.1777 0
162 -7.4315 21.0104 10.1777 0
163 -11.4654 19.1104 10.1777 0
164 -14.1710 17.2002 10.1777 0
165 -16.0794 15.4311 10.1777 0
166 -18.4795 12.4569 10.1777 0
167 -20.0454 9.7388 10.1777 0
168 -21.0283 7.3809 10.1777 0
169 -21.6339 5.3518 10.1777 0
170 -22.1843 2.1269 10.1777 0
171 -22.2675 -0.9087 10.1777 0
172 -21.9737 -3.7176 10.1777 0
173 -21.2020 -6.8658 10.1777 0
174 -19.5650 -10.6713 10.1777 0
175 -17.4894 -13.8125 10.1777 0
176 -16.2355 -15.2667 10.1777 0
177 -13.8635 -17.4490 10.1777 0
178 -10.2787 -19.7741 10.1777 0
179 -7.5010 -20.9857 10.1777 0
180 -5.0420 -21.7082 10.1777 0
181 -1.3392 -22.2457 10.1777 0
182 1.3202 -22.2468 10.1777 0
183 3.5422 -22.0027 10.1777 0
184 7.2003 -21.0908 10.1777 0
185 9.2989 -20.2533 10.1777 0
186 12.1150 -18.7054 10.1777 0
187 15.1827 -16.3141 10.1777 0
188 17.1084 -14.2817 10.1777 0
189 18.8036 -11.9620 10.1777 0
190 20.4433 -8.8733 10.1777 0
191 21.5576 -5.6512 10.1777 0
192 22.0921 -2.9332 10.1777 0
193 20.6105 0.0964 13.2457 0
194 20.3567 3.2257 13.2457 0
195 19.6885 6.0961 13.2457 0
196 18.8936 8.2362 13.2457 0
197 16.7957 11.9459 13.2457 0
198 14.4653 14.6818 13.2457 0
199 13.0612 15.9438 13.2457 0
200 9.5363 18.2719 13.2457 0
201 7.7954 19.0797 13.2457 0
202 3.8819 20.2418 13.2457 0
203 1.6244 20.5466 13.2457 0
204 -1.3794 20.5645 13.2457 0
205 -4.0724 20.2044 13.2457 0
206 -6.8768 19.4296 13.2457 0
207 -9.9957 18.0246 13.2457 0
208 -13.1770 15.8482 13.2457 0
209 -15.4620 13.6282 13.2457 0
210 -17.2300 11.3105 13.2457 0
211 -18.1555 9.7560 13.2457 0
212 -19.8739 5.4616 13.2457 0
213 -20.4829 2.2922 13.2457 0
214 -20.6045 -0.5045 13.2457 0
215 -20.4900 -2.2274 13.2457 0
216 -19.7607 -5.8580 13.2457 0
217 -18.4014 -9.2839 13.2457 0
218 -16.7850 -11.9610 13.2457 0
219 -15.4532 -13.6382 13.2457 0
220 -13.1840 -15.8425 13.2457 0
221 -10.0251 -18.0083 13.2457 0
222 -7.5689 -19.1706 13.2457 0
223 -4.3614 -20.1440 13.2457 0
224 -2.0292 -20.5106 13.2457 0
225 0.9401 -20.5893 13.2457 0
226 5.1827 -19.9485 13.2457 0
227 7.9904 -18.9988 13.2457 0
228 10.9979 -17.4312 13.2457 0
229 12.2717 -16.5592 13.2457 0
230 14.7001 -14.4468 13.2457 0
231 16.5977 -12.2195 13.2457 0
232 18.5613 -8.9598 13.2457 0
233 19.5191 -6.6186 13.2457 0
234 20.4773 -2.3411 13.2457 0
235 18.5033 -0.6816 16.0441 0
236 18.3645 2.3626 16.0441 0
237 17.4255 6.2602 16.0441 0
238 15.9336 9.4318 16.0441 0
239 14.6048 11.3815 16.0441 0
240 12.6374 13.5327 16.0441 0
241 9.9401 15.6215 16.0441 0
242 7.3586 16.9908 16.0441 0
243 3.8840 18.1039 16.0441 0
244 0.0950 18.5156 16.0441 0
245 -2.5691 18.3368 16.0441 0
246 -4.7704 17.8908 16.0441 0
247 -8.1698 16.6160 16.0441 0
248 -10.3921 15.3245 16.0441 0
249 -13.3692 12.8103 16.0441 0
250 -15.2752 10.4644 16.0441 0
251 -17.2030 6.8480 16.0441 0
252 -18.0446 4.1509 16.0441 0
253 -18.4471 1.5946 16.0441 0
254 -18.3802 -2.2375 16.0441 0
255 -18.0638 -4.0666 16.0441 0
256 -16.9484 -7.4559 16.0441 0
257 -14.9219 -10.9624 16.0441 0
258 -12.8667 -13.3149 16.0441 0
259 -10.7160 -15.0998 16.0441 0
260 -8.1557 -16.6229 16.0441 0
261 -5.6761 -17.6244 16.0441 0
262 -1.6146 -18.4453 16.0441 0
263 0.1480 -18.5153 16.0441 0
264 4.2833 -18.0136 16.0441 0
265 7.1343 -17.0862 16.0441 0
266 10.1858 -15.4624 16.0441 0
267 12.1026 -14.0130 16.0441 0
268 14.6691 -11.2985 16.0441 0
269 16.4349 -8.5282 16.0441 0
270 17.3553 -6.4522 16.0441 0
271 18.2643 -3.0416 16.0441 0
272 16.0286 0.7043 18.5159 0
273 15.7215 3.2011 18.5159 0
274 14.9164 5.9087 18.5159 0
275 13.2418 9.0591 18.5159 0
276 11.4888 11.1991 18.5159 0
277 8.5976 13.5460 18.5159 0
278 6.2566 14.7739 18.5159 0
279 3.1411 15.7336 18.5159 0
280 -0.2863 16.0415 18.5159 0
281 -3.8086 15.5855 18.5159 0
282 -5.9051 14.9179 18.5159 0
283 -9.3223 13.0579 18.5159 0
284 -11.5907 11.0936 18.5159 0
285 -13.6995 8.3508 18.5159 0
286 -14.5459 6.7698 18.5159 0
287 -15.6934 3.3362 18.5159 0
288 -16.0423 -0.2391 18.5159 0
289 -15.7953 -2.8143 18.5159 0
290 -14.9700 -5.7717 18.5159 0
291 -13.1652 -9.1700 18.5159 0
292 -11.2146 -11.4737 18.5159 0
293 -8.8025 -13.4137 18.5159 0
294 -5.9212 -14.9115 18.5159 0
295 -3.7796 -15.5925 18.5159 0
296 -0.2223 -16.0425 18.5159 0
297 3.0598 -15.7496 18.5159 0
298 5.7862 -14.9644 18.5159 0
299 9.1748 -13.1619 18.5159 0
300 11.7091 -10.9686 18.5159 0
301 13.1590 -9.1789 18.5159 0
302 14.9495 -5.8246 18.5159 0
303 15.6232 -3.6506 18.5159 0
304 13.2393 0.4124 20.6107 0
305 12.9595 2.7384 20.6107 0
306 11.6779 6.2510 20.6107 0
307 10.0225 8.6601 20.6107 0
308 7.2122 11.1100 20.6107 0
309 4.6927 12.3866 20.6107 0
310 1.6092 13.1476 20.6107 0
311 -2.0540 13.0855 20.6107 0
312 -4.5284 12.4476 20.6107 0
313 -7.4734 10.9361 20.6107 0
314 -10.2818 8.3506 20.6107 0
315 -11.4575 6.6463 20.6107 0
316 -12.9871 2.6046 20.6107 0
317 -13.2402 0.3806 20.6107 0
318 -12.8103 -3.3683 20.6107 0
319 -11.6789 -6.2491 20.6107 0
320 -9.7710 -8.9429 20.6107 0
321 -7.6639 -10.8034 20.6107 0
322 -4.5590 -12.4364 20.6107 0
323 -1.2176 -13.1896 20.6107 0
324 1.0107 -13.2071 20.6107 0
325 4.2171 -12.5565 20.6107 0
326 7.9956 -10.5602 20.6107 0
327 10.0365 -8.6439 20.6107 0
328 11.5719 -6.4451 20.6107 0
329 12.8320 -3.2846 20.6107 0
330 10.1716 -0.3514 22.2860 0
331 9.7439 2.9396 22.2860 0
332 8.3642 5.7987 22.2860 0
333 6.1082 8.1409 22.2860 0
334 3.4510 9.5748 22.2860 0
335 0.1413 10.1767 22.2860 0
336 -2.8087 9.7824 22.2860 0
337 -6.2675 8.0189 22.2860 0
338 -8.0066 6.2833 22.2860 0
339 -9.7956 2.7625 22.2860 0
340 -10.1772 0.0939 22.2860 0
341 -9.8013 -2.7423 22.2860 0
342 -8.3192 -5.8631 22.2860 0
343 -5.8034 -8.3609 22.2860 0
344 -2.8834 -9.7607 22.2860 0
345 0.0418 -10.1776 22.2860 0
346 3.3093 -9.6246 22.2860 0
347 6.2744 -8.0135 22.2860 0
348 7.9839 -6.3121 22.2860 0
349 9.6216 -3.3182 22.2860 0
350 6.8963 -0.2910 23.5076 0
351 6.2001 3.0335 23.5076 0
352 3.8040 5.7596 23.5076 0
353 0.6906 6.8678 23.5076 0
354 -2.6727 6.3640 23.5076 0
355 -5.2015 4.5375 23.5076 0
356 -6.6307 1.9179 23.5076 0
357 -6.6318 -1.9138 23.5076 0
358 -5.0368 -4.7196 23.5076 0
359 -2.5755 -6.4039 23.5076 0
360 0.8598 -6.8487 23.5076 0
361 4.1729 -5.4982 23.5076 0
362 6.1749 -3.0846 23.5076 0
363 3.4849 0.1109 24.2506 0
364 1.7622 3.0086 24.2506 0
365 -1.7350 3.0244 24.2506 0
366 -3.4867 -0.0199 24.2506 0
367 -1.8084 -2.9811 24.2506 0
368 1.8135 -2.9780 24.2506 0
369 0.0000 0.0000 -24.5000 0
370 24.2446 0.5402 -3.4867 0
371 24.1476 2.2328 -3.4867 0
372 23.3522 6.5398 -3.4867 0
373 22.5088 9.0249 -3.4867 0
374 21.4358 11.3401 -3.4867 0
375 19.9540 13.7816 -3.4867 0
376 16.9138 17.3786 -3.4867 0
377 15.6766 18.5024 -3.4867 0
378 13.2031 20.3413 -3.4867 0
379 9.4786 22.3215 -3.4867 0
380 6.0574 23.4819 -3.4867 0
381 3.8342 23.9456 -3.4867 0
382 0.3280 24.2484 -3.4867 0
383 -1.5631 24.2002 -3.4867 0
384 -6.3715 23.3987 -3.4867 0
385 -8.4603 22.7270 -3.4867 0
386 -11.5686 21.3134 -3.4867 0
387 -13.0193 20.4595 -3.4867 0
388 -16.8046 17.4842 -3.4867 0
389 -18.8180 15.2962 -3.4867 0
390 -19.8526 13.9272 -3.4867 0
391 -21.8731 10.4719 -3.4867 0
392 -22.8906 8.0071 -3.4867 0
393 -23.8229 4.5346 -3.4867 0
394 -24.1854 1.7774 -3.4867 0
395 -24.2121 -1.3658 -3.4867 0
396 -23.9286 -3.9391 -3.4867 0
397 -23.1803 -7.1250 -3.4867 0
398 -22.2891 -9.5544 -3.4867 0
399 -19.7966 -14.0067 -3.4867 0
400 -18.2428 -15.9779 -3.4867 0
401 -15.5811 -18.5828 -3.4867 0
402 -14.4794 -19.4535 -3.4867 0
403 -10.3810 -21.9164 -3.4867 0
404 -7.7593 -22.9758 -3.4867 0
405 -5.2289 -23.6802 -3.4867 0
406 -2.4609 -24.1254 -3.4867 0
407 0.2400 -24.2494 -3.4867 0
408 4.4207 -23.8443 -3.4867 0
409 6.3212 -23.4123 -3.4867 0
410 8.9252 -22.5485 -3.4867 0
411 13.0744 -20.4243 -3.4867 0
412 15.4149 -18.7209 -3.4867 0
413 17.7490 -16.5247 -3.4867 0
414 19.6215 -14.2509 -3.4867 0
415 21.0414 -12.0563 -3.4867 0
416 22.3863 -9.3245 -3.4867 0
417 23.6255 -5.4708 -3.4867 0
418 23.9964 -3.5021 -3.4867 0
419 23.4981 0.6686 -6.9024 0
420 23.2183 3.6765 -6.9024 0
421 22.5013 6.8043 -6.9024 0
422 21.7136 9.0070 -6.9024 0
423 20.2124 12.0026 -6.9024 0
424 18.0510 15.0588 -6.9024 0
425 16.7064 16.5379 -6.9024 0
426 15.0410 18.0658 -6.9024 0
427 11.0723 20.7367 -6.9024 0
428 8.7377 21.8234 -6.9024 0
429 6.3813 22.6249 -6.9024 0
430 2.0181 23.4208 -6.9024 0
431 0.5863 23.5003 -6.9024 0
432 -3.3894 23.2620 -6.9024 0
433 -6.2995 22.6478 -6.9024 0
434 -8.7740 21.8088 -6.9024 0
435 -11.0890 20.7278 -6.9024 0
436 -13.4967 19.2470 -6.9024 0
437 -16.5034 16.7405 -6.9024 0
438 -18.2335 14.8374 -6.9024 0
439 -20.5939 11.3357 -6.9024 0
440 -21.6112 9.2499 -6.9024 0
441 -22.8836 5.3801 -6.9024 0
442 -23.3662 2.5740 -6.9024 0
443 -23.5071 -0.1510 -6.9024 0
444 -23.3862 -2.3861 -6.9024 0
445 -22.4356 -7.0179 -6.9024 0
446 -21.9042 -8.5331 -6.9024 0
447 -19.8920 -12.5266 -6.9024 0
448 -19.0014 -13.8402 -6.9024 0
449 -16.8113 -16.4312 -6.9024 0
450 -14.9961 -18.1031 -6.9024 0
451 -11.4949 -20.5055 -6.9024 0
452 -9.6194 -21.4493 -6.9024 0
453 -7.0130 -22.4371 -6.9024 0
454 -2.5974 -23.3636 -6.9024 0
455 -0.3243 -23.5053 -6.9024 0
456 3.4065 -23.2594 -6.9024 0
457 5.8454 -22.7692 -6.9024 0
458 9.2455 -21.6131 -6.9024 0
459 10.8624 -20.8474 -6.9024 0
460 14.9929 -18.1058 -6.9024 0
461 17.0680 -16.1645 -6.9024 0
462 18.9633 -13.8924 -6.9024 0
463 20.6828 -11.1727 -6.9024 0
464 21.6220 -9.2246 -6.9024 0
465 22.7698 -5.8431 -6.9024 0
466 23.3269 -2.9092 -6.9024 0
467 22.2859 0.0612 -10.1777 0
468 22.1281 2.6477 -10.1777 0
469 21.5580 5.6495 -10.1777 0
470 20.3991 8.9745 -10.1777 0
471 19.1874 11.3362 -10.1777 0
472 16.6672 14.7942 -10.1777 0
473 14.1626 17.2072 -10.1777 0
474 13.2435 17.9242 -10.1777 0
475 9.7042 20.0622 -10.1777 0
476 7.6809 20.9205 -10.1777 0
477 3.2630 22.0458 -10.1777 0
478 -0.2176 22.2849 -10.1777 0
479 -1.4514 22.2387 -10.1777 0
480 -6.2546 21.3903 -10.1777 0
481 -7.4315 21.0104 -10.1777 0
482 -11.4654 19.1104 -10.1777 0
483 -14.1710 17.2002 -10.1777 0
484 -16.0794 15.4311 -10.1777 0
485 -18.4795 12.4569 -10.1777 0
486 -20.0454 9.7388 -10.1777 0
487 -21.0283 7.3809 -10.1777 0
488 -21.6339 5.3518 -10.1777 0
489 -22.1843 2.1269 -10.1777 0
490 -22.2675 -0.9087 -10.1777 0
491 -21.9737 -3.7176 -10.1777 0
492 -21.2020 -6.8658 -10.1777 0
493 -19.5650 -10.6713 -10.1777 0
494 -17.4894 -13.8125 -10.1777 0
495 -16.2355 -15.2667 -10.1777 0
496 -13.8635 -17.4490 -10.1777 0
497 -10.2787 -19.7741 -10.1777 0
498 -7.5010 -20.9857 -10.1777 0
499 -5.0420 -21.7082 -10.1777 0
500 -1.3392 -22.2457 -10.1777 0
501 1.3202 -22.2468 -10.1777 0
502 3.5422 -22.0027 -10.1777 0
503 7.2003 -21.0908 -10.1777 0
504 9.2989 -20.2533 -10.1777 0
505 12.1150 -18.7054 -10.1777 0
506 15.1827 -16.3141 -10.1777 0
507 17.1084 -14.2817 -10.1777 0
508 18.8036 -11.9620 -10.1777 0
509 20.4433 -8.8733 -10.1777 0
510 21.5576 -5.6512 -10.1777 0
511 22.0921 -2.9332 -10.1777 0
512 20.6105 0.0964 -13.2457 0
513 20.3567 3.2257 -13.2457 0
514 19.6885 6.0961 -13.2457 0
515 18.8936 8.2362 -13.2457 0
516 16.7957 11.9459 -13.2457 0
517 14.4653 14.6818 -13.2457 0
518 13.0612 15.9438 -13.2457 0
519 9.5363 18.2719 -13.2457 0
520 7.7954 19.0797 -13.2457 0
521 3.8819 20.2418 -13.2457 0
522 1.6244 20.5466 -13.2457 0
523 -1.3794 20.5645 -13.2457 0
524 -4.0724 20.2044 -13.2457 0
525 -6.8768 19.4296 -13.2457 0
526 -9.9957 18.0246 -13.2457 0
527 -13.1770 15.8482 -13.2457 0
528 -15.4620 13.6282 -13.2457 0
529 -17.2300 11.3105 -13.2457 0
530 -18.1555 9.7560 -13.2457 0
531 -19.8739 5.4616 -13.2457 0
532 -20.4829 2.2922 -13.2457 0
533 -20.6045 -0.5045 -13.2457 0
534 -20.4900 -2.2274 -13.2457 0
535 -19.7607 -5.8580 -13.2457 0
536 -18.4014 -9.2839 -13.2457 0
537 -16.7850 -11.9610 -13.2457 0
538 -15.4532 -13.6382 -13.2457 0
539 -13.1840 -15.8425 -13.2457 0
540 -10.0251 -18.0083 -13.2457 0
541 -7.5689 -19.1706 -13.2457 0
542 -4.3614 -20.1440 -13.2457 0
543 -2.0292 -20.5106 -13.2457 0
544 0.9401 -20.5893 -13.2457 0
545 5.1827 -19.9485 -13.2457 0
546 7.9904 -18.9988 -13.2457 0
547 10.9979 -17.4312 -13.2457 0
548 12.2717 -16.5592 -13.2457 0
549 14.7001 -14.4468 -13.2457 0
550 16.5977 -12.2195 -13.2457 0
551 18.5613 -8.9598 -13.2457 0
552 19.5191 -6.6186 -13.2457 0
553 20.4773 -2.3411 -13.2457 0
554 18.5033 -0.6816 -16.0441 0
555 18.3645 2.3626 -16.0441 0
556 17.4255 6.2602 -16.0441 0
557 15.9336 9.4318 -16.0441 0
558 14.6048 11.3815 -16.0441 0
559 12.6374 13.5327 -16.0441 0
560 9.9401 15.6215 -16.0441 0
561 7.3586 16.9908 -16.0441 0
562 3.8840 18.1039 -16.0441 0
563 0.0950 18.5156 -16.0441 0
564 -2.5691 18.3368 -16.0441 0
565 -4.7704 17.8908 -16.0441 0
566 -8.1698 16.6160 -16.0441 0
567 -10.3921 15.3245 -16.0441 0
568 -13.3692 12.8103 -16.0441 0
569 -15.2752 10.4644 -16.0441 0
570 -17.2030 6.8480 -16.0441 0
571 -18.0446 4.1509 -16.0441 0
572 -18.4471 1.5946 -16.0441 0
573 -18.3802 -2.2375 -16.0441 0
574 -18.0638 -4.0666 -16.0441 0
575 -16.9484 -7.4559 -16.0441 0
576 -14.9219 -10.9624 -16.0441 0
577 -12.8667 -13.3149 -16.0441 0
578 -10.7160 -15.0998 -16.0441 0
579 -8.1557 -16.6229 -16.0441 0
580 -5.6761 -17.6244 -16.0441 0
581 -1.6146 -18.4453 -16.0441 0
582 0.1480 -18.5153 -16.0441 0
583 4.2833 -18.0136 -16.0441 0
584 7.1343 -17.0862 -16.0441 0
585 10.1858 -15.4624 -16.0441 0
586 12.1026 -14.0130 -16.0441 0
587 14.6691 -11.2985 -16.0441 0
588 16.4349 -8.5282 -16.0441 0
589 17.3553 -6.4522 -16.0441 0
590 18.2643 -3.0416 -16.0441 0
591 16.0286 0.7043 -18.5159 0
592 15.7215 3.2011 -18.5159 0
593 14.9164 5.9087 -18.5159 0
594 13.2418 9.0591 -18.5159 0
595 11.4888 11.1991 -18.5159 0
596 8.5976 13.5460 -18.5159 0
597 6.2566 14.7739 -18.5159 0
598 3.1411 15.7336 -18.5159 0
599 -0.2863 16.0415 -18.5159 0
600 -3.8086 15.5855 -18.5159 0
601 -5.9051 14.9179 -18.5159 0
602 -9.3223 13.0579 -18.5159 0
603 -11.5907 11.0936 -18.5159 0
604 -13.6995 8.3508 -18.5159 0
605 -14.5459 6.7698 -18.5159 0
606 -15.6934 3.3362 -18.5159 0
607 -16.0423 -0.2391 -18.5159 0
608 -15.7953 -2.8143 -18.5159 0
609 -14.9700 -5.7717 -18.5159 0
610 -13.1652 -9.1700 -18.5159 0
611 -11.2146 -11.4737 -18.5159 0
612 -8.8025 -13.4137 -18.5159 0
613 -5.9212 -14.9115 -18.5159 0
614 -3.7796 -15.5925 -18.5159 0
615 -0.2223 -16.0425 -18.5159 0
616 3.0598 -15.7496 -18.5159 0
617 5.7862 -14.9644 -18.5159 0
618 9.1748 -13.1619 -18.5159 0
619 11.7091 -10.9686 -18.5159 0
620 13.1590 -9.1789 -18.5159 0
621 14.9495 -5.8246 -18.5159 0
622 15.6232 -3.6506 -18.5159 0
623 13.2393 0.4124 -20.6107 0
624 12.9595 2.7384 -20.6107 0
625 11.6779 6.2510 -20.6107 0
626 10.0225 8.6601 -20.6107 0
627 7.2122 11.1100 -20.6107 0
628 4.6927 12.3866 -20.6107 0
629 1.6092 13.1476 -20.6107 0
630 -2.0540 13.0855 -20.6107 0
631 -4.5284 12.4476 -20.6107 0
632 -7.4734 10.9361 -20.6107 0
633 -10.2818 8.3506 -20.6107 0
634 -11.4575 6.6463 -20.6107 0
635 -12.9871 2.6046 -20.6107 0
636 -13.2402 0.3806 -20.6107 0
637 -12.8103 -3.3683 -20.6107 0
638 -11.6789 -6.2491 -20.6107 0
639 -9.7710 -8.9429 -20.6107 0
640 -7.6639 -10.8034 -20.6107 0
641 -4.5590 -12.4364 -20.6107 0
642 -1.2176 -13.1896 -20.6107 0
643 1.0107 -13.2071 -20.6107 0
644 4.2171 -12.5565 -20.6107 0
645 7.9956 -10.5602 -20.6107 0
646 10.0365 -8.6439 -20.6107 0
647 11.5719 -6.4451 -20.6107 0
648 12.8320 -3.2846 -20.6107 0
649 10.1716 -0.3514 -22.2860 0
650 9.7439 2.9396 -22.2860 0
651 8.3642 5.7987 -22.2860 0
652 6.1082 8.1409 -22.2860 0
653 3.4510 9.5748 -22.2860 0
654 0.1413 10.1767 -22.2860 0
655 -2.8087 9.7824 -22.2860 0
656 -6.2675 8.0189 -22.2860 0
657 -8.0066 6.2833 -22.2860 0
658 -9.7956 2.7625 -22.2860 0
659 -10.1772 0.0939 -22.2860 0
660 -9.8013 -2.7423 -22.2860 0
661 -8.3192 -5.8631 -22.2860 0
662 -5.8034 -8.3609 -22.2860 0
663 -2.8834 -9.7607 -22.2860 0
664 0.0418 -10.1776 -22.2860 0
665 3.3093 -9.6246 -22.2860 0
666 6.2744 -8.0135 -22.2860 0
667 7.9839 -6.3121 -22.2860 0
668 9.6216 -3.3182 -22.2860 0
669 6.8963 -0.2910 -23.5076 0
670 6.2001 3.0335 -23.5076 0
671 3.8040 5.7596 -23.5076 0
672 0.6906 6.8678 -23.5076 0
673 -2.6727 6.3640 -23.5076 0
674 -5.2015 4.5375 -23.5076 0
675 -6.6307 1.9179 -23.5076 0
676 -6.6318 -1.9138 -23.5076 0
677 -5.0368 -4.7196 -23.5076 0
678 -2.5755 -6.4039 -23.5076 0
679 0.8598 -6.8487 -23.5076 0
680 4.1729 -5.4982 -23.5076 0
681 6.1749 -3.0846 -23.5076 0
682 3.4849 0.1109 -24.2506 0
683 1.7622 3.0086 -24.2506 0
684 -1.7350 3.0244 -24.2506 0
685 -3.4867 -0.0199 -24.2506 0
686 -1.8084 -2.9811 -24.2506 0
687 1.8135 -2.9780 -24.2506 0
1372
0 363 364
0 363 368
0 364 365
0 365 366
0 366 367
0 367 368
1 2 51
1 2 370
1 50 99
1 50 418
1 51 99
1 370 418
2 3 53
2 3 372
2 51 52
2 52 53
2 370 371
2 371 372
3 4 54
3 4 373
3 53 54
3 372 373
4 5 55
4 5 374
4 54 55
4 373 374
5 6 56
5 6 375
5 55 56
5 374 375
6 7 56
6 7 375
7 8 57
7 8 376
7 56 57
7 375 376
8 9 59
8 9 378
8 57 58
8 58 59
8 376 377
8 377 378
9 10 59
9 10 378
10 11 60
10 11 379
10 59 60
10 378 379
11 12 61
11 12 380
11 60 61
11 379 380
12 13 62
12 13 381
12 61 62
12 380 381
13 14 63
13 14 382
13 62 63
13 381 382
14 15 64
14 15 383
14 63 64
14 382 383
15 16 65
15 16 384
15 64 65
15 383 384
16 17 66
16 17 385
16 65 66
16 384 385
17 18 67
17 18 386
17 66 67
17 385 386
18 19 68
18 19 387
18 67 68
18 386 387
19 20 69
19 20 388
19 68 69
19 387 388
20 21 70
20 21 389
20 69 70
20 388 389
21 22 71
21 22 390
21 70 71
21 389 390
22 23 72
22 23 391
22 71 72
22 390 391
23 24 73
23 24 392
23 72 73
23 391 392
24 25 74
24 25 393
24 73 74
24 392 393
25 26 75
25 26 394
25 74 75
25 393 394
26 27 76
26 27 395
26 75 76
26 394 395
27 28 77
27 28 396
27 76 77
27 395 396
28 29 78
28 29 397
28 77 78
28 396 397
29 30 79
29 30 398
29 78 79
29 397 398
30 31 80
30 31 399
30 79 80
30 398 399
31 32 81
31 32 400
31 80 81
31 399 400
32 33 82
32 33 401
32 81 82
32 400 401
33 34 83
33 34 402
33 82 83
33 401 402
34 35 84
34 35 403
34 83 84
34 402 403
35 36 85
35 36 404
35 84 85
35 403 404
36 37 86
36 37 405
36 85 86
36 404 405
37 38 87
37 38 406
37 86 87
37 405 406
38 39 88
38 39 407
38 87 88
38 406 407
39 40 88
39 40 407
40 41 89
40 41 408
40 88 89
40 407 408
41 42 91
41 42 410
41 89 90
41 90 91
41 408 409
41 409 410
42 43 92
42 43 411
42 91 92
42 410 411
43 44 93
43 44 412
43 92 93
43 411 412
44 45 94
44 45 413
44 93 94
44 412 413
45 46 95
45 46 414
45 94 95
45 413 414
46 47 95
46 47 414
47 48 97
47 48 416
47 95 96
47 96 97
47 414 415
47 415 416
48 49 98
48 49 417
48 97 98
48 416 417
49 50 99
49 50 418
49 98 99
49 417 418
51 52 100
51 99 147
51 100 147
52 53 101
52 100 101
53 54 102
53 101 102
54 55 103
54 102 103
55 56 104
55 103 104
56 57 105
56 104 105
57 58 107
57 105 106
57 106 107
58 59 107
59 60 108
59 107 108
60 61 110
60 108 109
60 109 110
61 62 110
62 63 111
62 110 111
63 64 112
63 111 112
64 65 113
64 112 113
65 66 114
65 113 114
66 67 115
66 114 115
67 68 116
67 115 116
68 69 117
68 116 117
69 70 118
69 117 118
70 71 119
70 118 119
71 72 120
71 119 120
72 73 121
72 120 121
73 74 122
73 121 122
74 75 123
74 122 123
75 76 124
75 123 124
76 77 125
76 124 125
77 78 126
77 125 126
78 79 127
78 126 127
79 80 128
79 127 128
80 81 129
80 128 129
81 82 130
81 129 130
82 83 131
82 130 131
83 84 132
83 131 132
84 85 133
84 132 133
85 86 134
85 133 134
86 87 135
86 134 135
87 88 136
87 135 136
88 89 137
88 136 137
89 90 138
89 137 138
90 91 138
91 92 140
91 138 139
91 139 140
92 93 141
92 140 141
93 94 142
93 141 142
94 95 143
94 142 143
95 96 143
96 97 144
96 143 144
97 98 146
97 144 145
97 145 146
98 99 147
98 146 147
100 101 149
100 147 148
100 148 149
101 102 150
101 149 150
102 103 151
102 150 151
103 104 151
104 105 152
104 151 152
105 106 153
105 152 153
106 107 154
106 153 154
107 108 155
107 154 155
108 109 156
108 155 156
109 110 157
109 156 157
110 111 158
110 157 158
111 112 159
111 158 159
112 113 160
112 159 160
113 114 161
113 160 161
114 115 162
114 161 162
115 116 162
116 117 163
116 162 163
117 118 164
117 163 164
118 119 165
118 164 165
119 120 166
119 165 166
120 121 167
120 166 167
121 122 168
121 167 168
122 123 169
122 168 169
123 124 170
123 169 170
124 125 171
124 170 171
125 126 172
125 171 172
126 127 173
126 172 173
127 128 174
127 173 174
128 129 175
128 174 175
129 130 175
130 131 176
130 175 176
131 132 177
131 176 177
132 133 178
132 177 178
133 134 179
133 178 179
134 135 180
134 179 180
135 136 181
135 180 181
136 137 182
136 181 182
137 138 183
137 182 183
138 139 184
138 183 184
139 140 185
139 184 185
140 141 186
140 185 186
141 142 187
141 186 187
142 143 188
142 187 188
143 144 189
143 188 189
144 145 190
144 189 190
145 146 191
145 190 191
146 147 192
146 191 192
147 148 192
148 149 193
148 192 234
148 193 234
149 150 194
149 193 194
150 151 195
150 194 195
151 152 196
151 195 196
152 153 197
152 196 197
153 154 198
153 197 198
154 155 199
154 198 199
155 156 200
155 199 200
156 157 201
156 200 201
157 158 202
157 201 202
158 159 203
158 202 203
159 160 204
159 203 204
160 161 205
160 204 205
161 162 206
161 205 206
162 163 207
162 206 207
163 164 208
163 207 208
164 165 208
165 166 209
165 208 209
166 167 211
166 209 210
166 210 211
167 168 211
168 169 212
168 211 212
169 170 213
169 212 213
170 171 214
170 213 214
171 172 215
171 214 215
172 173 216
172 215 216
173 174 217
173 216 217
174 175 218
174 217 218
175 176 219
175 218 219
176 177 220
176 219 220
177 178 221
177 220 221
178 179 222
178 221 222
179 180 223
179 222 223
180 181 224
180 223 224
181 182 225
181 224 225
182 183 225
183 184 226
183 225 226
184 185 227
184 226 227
185 186 228
185 227 228
186 187 229
186 228 229
187 188 230
187 229 230
188 189 231
188 230 231
189 190 232
189 231 232
190 191 233
190 232 233
191 192 234
191 233 234
193 194 236
193 234 235
193 235 236
194 195 236
195 196 237
195 236 237
196 197 238
196 237 238
197 198 239
197 238 239
198 199 240
198 239 240
199 200 241
199 240 241
200 201 242
200 241 242
201 202 243
201 242 243
202 203 243
203 204 244
203 243 244
204 205 245
204 244 245
205 206 246
205 245 246
206 207 247
206 246 247
207 208 248
207 247 248
208 209 249
208 248 249
209 210 250
209 249 250
210 211 250
211 212 251
211 250 251
212 213 252
212 251 252
213 214 253
213 252 253
214 215 254
214 253 254
215 216 255
215 254 255
216 217 256
216 255 256
217 218 257
217 256 257
218 219 257
219 220 258
219 257 258
220 221 259
220 258 259
221 222 260
221 259 260
222 223 261
222 260 261
223 224 262
223 261 262
224 225 263
224 262 263
225 226 264
225 263 264
226 227 265
226 264 265
227 228 265
228 229 266
228 265 266
229 230 267
229 266 267
230 231 268
230 267 268
231 232 269
231 268 269
232 233 270
232 269 270
233 234 271
233 270 271
234 235 271
235 236 272
235 271 303
235 272 303
236 237 273
236 272 273
237 238 274
237 273 274
238 239 275
238 274 275
239 240 276
239 275 276
240 241 277
240 276 277
241 242 277
242 243 278
242 277 278
243 244 279
243 278 279
244 245 280
244 279 280
245 246 281
245 280 281
246 247 282
246 281 282
247 248 283
247 282 283
248 249 283
249 250 284
249 283 284
250 251 286
250 284 285
250 285 286
251 252 287
251 286 287
252 253 287
253 254 288
253 287 288
254 255 289
254 288 289
255 256 290
255 289 290
256 257 291
256 290 291
257 258 292
257 291 292
258 259 292
259 260 293
259 292 293
260 261 294
260 293 294
261 262 295
261 294 295
262 263 296
262 295 296
263 264 297
263 296 297
264 265 298
264 297 298
265 266 299
265 298 299
266 267 299
267 268 300
267 299 300
268 269 301
268 300 301
269 270 302
269 301 302
270 271 303
270 302 303
272 273 305
272 303 304
272 304 305
273 274 305
274 275 306
274 305 306
275 276 307
275 306 307
276 277 308
276 307 308
277 278 308
278 279 309
278 308 309
279 280 310
279 309 310
280 281 311
280 310 311
281 282 312
281 311 312
282 283 313
282 312 313
283 284 313
284 285 314
284 313 314
285 286 315
285 314 315
286 287 316
286 315 316
287 288 317
287 316 317
288 289 317
289 290 318
289 317 318
290 291 319
290 318 319
291 292 320
291 319 320
292 293 321
292 320 321
293 294 322
293 321 322
294 295 322
295 296 323
295 322 323
296 297 324
296 323 324
297 298 325
297 324 325
298 299 326
298 325 326
299 300 326
300 301 327
300 326 327
301 302 328
301 327 328
302 303 329
302 328 329
303 304 329
304 305 330
304 329 330
305 306 331
305 330 331
306 307 332
306 331 332
307 308 333
307 332 333
308 309 334
308 333 334
309 310 334
310 311 335
310 334 335
311 312 336
311 335 336
312 313 337
312 336 337
313 314 337
314 315 338
314 337 338
315 316 339
315 338 339
316 317 340
316 339 340
317 318 340
318 319 341
318 340 341
319 320 342
319 341 342
320 321 343
320 342 343
321 322 343
322 323 344
322 343 344
323 324 345
323 344 345
324 325 346
324 345 346
325 326 346
326 327 347
326 346 347
327 328 348
327 347 348
328 329 349
328 348 349
329 330 349
330 331 350
330 349 350
331 332 351
331 350 351
332 333 352
332 351 352
333 334 352
334 335 353
334 352 353
335 336 353
336 337 354
336 353 354
337 338 355
337 354 355
338 339 356
338 355 356
339 340 356
340 341 357
340 356 357
341 342 357
342 343 358
342 357 358
343 344 359
343 358 359
344 345 359
345 346 360
345 359 360
346 347 361
346 360 361
347 348 361
348 349 362
348 361 362
349 350 362
350 351 363
350 362 363
351 352 364
351 363 364
352 353 364
353 354 365
353 364 365
354 355 365
355 356 366
355 365 366
356 357 366
357 358 367
357 366 367
358 359 367
359 360 367
360 361 368
360 367 368
361 362 368
362 363 368
369 682 683
369 682 687
369 683 684
369 684 685
369 685 686
369 686 687
370 371 419
370 418 466
370 419 466
371 372 420
371 419 420
372 373 421
372 420 421
373 374 422
373 421 422
374 375 423
374 422 423
375 376 424
375 423 424
376 377 426
376 424 425
376 425 426
377 378 426
378 379 427
378 426 427
379 380 429
379 427 428
379 428 429
380 381 429
381 382 430
381 429 430
382 383 431
382 430 431
383 384 432
383 431 432
384 385 433
384 432 433
385 386 434
385 433 434
386 387 435
386 434 435
387 388 436
387 435 436
388 389 437
388 436 437
389 390 438
389 437 438
390 391 439
390 438 439
391 392 440
391 439 440
392 393 441
392 440 441
393 394 442
393 441 442
394 395 443
394 442 443
395 396 444
395 443 444
396 397 445
396 444 445
397 398 446
397 445 446
398 399 447
398 446 447
399 400 448
399 447 448
400 401 449
400 448 449
401 402 450
401 449 450
402 403 451
402 450 451
403 404 452
403 451 452
404 405 453
404 452 453
405 406 454
405 453 454
406 407 455
406 454 455
407 408 456
407 455 456
408 409 457
408 456 457
409 410 457
410 411 459
410 457 458
410 458 459
411 412 460
411 459 460
412 413 461
412 460 461
413 414 462
413 461 462
414 415 462
415 416 463
415 462 463
416 417 465
416 463 464
416 464 465
417 418 466
417 465 466
419 420 468
419 466 467
419 467 468
420 421 469
420 468 469
421 422 470
421 469 470
422 423 470
423 424 471
423 470 471
424 425 472
424 471 472
425 426 473
425 472 473
426 427 474
426 473 474
427 428 475
427 474 475
428 429 476
428 475 476
429 430 477
429 476 477
430 431 478
430 477 478
431 432 479
431 478 479
432 433 480
432 479 480
433 434 481
433 480 481
434 435 481
435 436 482
435 481 482
436 437 483
436 482 483
437 438 484
437 483 484
438 439 485
438 484 485
439 440 486
439 485 486
440 441 487
440 486 487
441 442 488
441 487 488
442 443 489
442 488 489
443 444 490
443 489 490
444 445 491
444 490 491
445 446 492
445 491 492
446 447 493
446 492 493
447 448 494
447 493 494
448 449 494
449 450 495
449 494 495
450 451 496
450 495 496
451 452 497
451 496 497
452 453 498
452 497 498
453 454 499
453 498 499
454 455 500
454 499 500
455 456 501
455 500 501
456 457 502
456 501 502
457 458 503
457 502 503
458 459 504
458 503 504
459 460 505
459 504 505
460 461 506
460 505 506
461 462 507
461 506 507
462 463 508
462 507 508
463 464 509
463 508 509
464 465 510
464 509 510
465 466 511
465 510 511
466 467 511
467 468 512
467 511 553
467 512 553
468 469 513
468 512 513
469 470 514
469 513 514
470 471 515
470 514 515
471 472 516
471 515 516
472 473 517
472 516 517
473 474 518
473 517 518
474 475 519
474 518 519
475 476 520
475 519 520
476 477 521
476 520 521
477 478 522
477 521 522
478 479 523
478 522 523
479 480 524
479 523 524
480 481 525
480 524 525
481 482 526
481 525 526
482 483 527
482 526 527
483 484 527
484 485 528
484 527 528
485 486 530
485 528 529
485 529 530
486 487 530
487 488 531
487 530 531
488 489 532
488 531 532
489 490 533
489 532 533
490 491 534
490 533 534
491 492 535
491 534 535
492 493 536
492 535 536
493 494 537
493 536 537
494 495 538
494 537 538
495 496 539
495 538 539
496 497 540
496 539 540
497 498 541
497 540 541
498 499 542
498 541 542
499 500 543
499 542 543
500 501 544
500 543 544
501 502 544
502 503 545
502 544 545
503 504 546
503 545 546
504 505 547
504 546 547
505 506 548
505 547 548
506 507 549
506 548 549
507 508 550
507 549 550
508 509 551
508 550 551
509 510 552
509 551 552
510 511 553
510 552 553
512 513 555
512 553 554
512 554 555
513 514 555
514 515 556
514 555 556
515 516 557
515 556 557
516 517 558
516 557 558
517 518 559
517 558 559
518 519 560
518 559 560
519 520 561
519 560 561
520 521 562
520 561 562
521 522 562
522 523 563
522 562 563
523 524 564
523 563 564
524 525 565
524 564 565
525 526 566
525 565 566
526 527 567
526 566 567
527 528 568
527 567 568
528 529 569
528 568 569
529 530 569
530 531 570
530 569 570
531 532 571
531 570 571
532 533 572
532 571 572
533 534 573
533 572 573
534 535 574
534 573 574
535 536 575
535 574 575
536 537 576
536 575 576
537 538 576
538 539 577
538 576 577
539 540 578
539 577 578
540 541 579
540 578 579
541 542 580
541 579 580
542 543 581
542 580 581
543 544 582
543 581 582
544 545 583
544 582 583
545 546 584
545 583 584
546 547 584
547 548 585
547 584 585
548 549 586
548 585 586
549 550 587
549 586 587
550 551 588
550 587 588
551 552 589
551 588 589
552 553 590
552 589 590
553 554 590
554 555 591
554 590 622
554 591 622
555 556 592
555 591 592
556 557 593
556 592 593
557 558 594
557 593 594
558 559 595
558 594 595
559 560 596
559 595 596
560 561 596
561 562 597
561 596 597
562 563 598
562 597 598
563 564 599
563 598 599
564 565 600
564 599 600
565 566 601
565 600 601
566 567 602
566 601 602
567 568 602
568 569 603
568 602 603
569 570 605
569 603 604
569 604 605
570 571 606
570 605 606
571 572 606
572 573 607
572 606 607
573 574 608
573 607 608
574 575 609
574 608 609
575 576 610
575 609 610
576 577 611
576 610 611
577 578 611
578 579 612
578 611 612
579 580 613
579 612 613
580 581 614
580 613 614
581 582 615
581 614 615
582 583 616
582 615 616
583 584 617
583 616 617
584 585 618
584 617 618
585 586 618
586 587 619
586 618 619
587 588 620
587 619 620
588 589 621
588 620 621
589 590 622
589 621 622
591 592 624
591 622 623
591 623 624
592 593 624
593 594 625
593 624 625
594 595 626
594 625 626
595 596 627
595 626 627
596 597 627
597 598 628
597 627 628
598 599 629
598 628 629
599 600 630
599 629 630
600 601 631
600 630 631
601 602 632
601 631 632
602 603 632
603 604 633
603 632 633
604 605 634
604 633 634
605 606 635
605 634 635
606 607 636
606 635 636
607 608 636
608 609 637
608 636 637
609 610 638
609 637 638
610 611 639
610 638 639
611 612 640
611 639 640
612 613 641
612 640 641
613 614 641
614 615 642
614 641 642
615 616 643
615 642 643
616 617 644
616 643 644
617 618 645
617 644 645
618 619 645
619 620 646
619 645 646
620 621 647
620 646 647
621 622 648
621 647 648
622 623 648
623 624 649
623 648 649
624 625 650
624 649 650
625 626 651
625 650 651
626 627 652
626 651 652
627 628 653
627 652 653
628 629 653
629 630 654
629 653 654
630 631 655
630 654 655
631 632 656
631 655 656
632 633 656
633 634 657
633 656 657
634 635 658
634 657 658
635 636 659
635 658 659
636 637 659
637 638 660
637 659 660
638 639 661
638 660 661
639 640 662
639 661 662
640 641 662
641 642 663
641 662 663
642 643 664
642 663 664
643 644 665
643 664 665
644 645 665
645 646 666
645 665 666
646 647 667
646 666 667
647 648 668
647 667 668
648 649 668
649 650 669
649 668 669
650 651 670
650 669 670
651 652 671
651 670 671
652 653 671
653 654 672
653 671 672
654 655 672
655 656 673
655 672 673
656 657 674
656 673 674
657 658 675
657 674 675
658 659 675
659 660 676
659 675 676
660 661 676
661 662 677
661 676 677
662 663 678
662 677 678
663 664 678
664 665 679
664 678 679
665 666 680
665 679 680
666 667 680
667 668 681
667 680 681
668 669 681
669 670 682
669 681 682
670 671 683
670 682 683
671 672 683
672 673 684
672 683 684
673 674 684
674 675 685
674 684 685
675 676 685
676 677 686
676 685 686
677 678 686
678 679 686
679 680 687
679 686 687
680 681 687
681 682 687
