369
0 0.0000 0.0000 24.5000 0
1 24.4821 0.9369 0.0000 0
2 23.9141 5.3259 0.0000 0
3 23.4466 7.1067 0.0000 0
4 20.7618 13.0075 0.0000 0
5 18.8118 15.6960 0.0000 0
6 17.0664 17.5781 0.0000 0
7 13.4024 20.5092 0.0000 0
8 9.0053 22.7850 0.0000 0
9 3.8227 24.1999 0.0000 0
10 -0.3441 24.4976 0.0000 0
11 -2.0983 24.4100 0.0000 0
12 -8.5015 22.9777 0.0000 0
13 -12.2278 21.2304 0.0000 0
14 -14.5335 19.7238 0.0000 0
15 -18.2947 16.2959 0.0000 0
16 -19.6824 14.5895 0.0000 0
17 -22.2281 10.3034 0.0000 0
18 -23.9910 4.9682 0.0000 0
19 -24.4701 1.2097 0.0000 0
20 -24.2577 -3.4370 0.0000 0
21 -23.5884 -6.6211 0.0000 0
22 -22.8587 -8.8165 0.0000 0
23 -19.6983 -14.5680 0.0000 0
24 -16.7696 -17.8614 0.0000 0
25 -14.1372 -20.0097 0.0000 0
26 -10.3394 -22.2114 0.0000 0
27 -6.4789 -23.6278 0.0000 0
28 -3.4300 -24.2587 0.0000 0
29 1.5021 -24.4539 0.0000 0
30 4.2007 -24.1372 0.0000 0
31 9.7013 -22.4974 0.0000 0
32 11.6384 -21.5592 0.0000 0
33 15.6820 -18.8235 0.0000 0
34 18.1844 -16.4188 0.0000 0
35 20.7784 -12.9810 0.0000 0
36 23.4034 -7.2478 0.0000 0
37 24.2388 -3.5677 0.0000 0
38 24.0232 -0.5380 4.7797 0
39 23.3984 5.4699 4.7797 0
40 23.0116 6.9190 4.7797 0
41 20.8994 11.8582 4.7797 0
42 18.6295 15.1772 4.7797 0
43 14.8393 18.8997 4.7797 0
44 11.2549 21.2304 4.7797 0
45 9.0778 22.2486 4.7797 0
46 4.2023 23.6589 4.7797 0
47 0.1601 24.0287 4.7797 0
48 -4.5958 23.5857 4.7797 0
49 -8.7944 22.3621 4.7797 0
50 -12.6575 20.4253 4.7797 0
51 -14.9353 18.8240 4.7797 0
52 -18.7428 15.0371 4.7797 0
53 -21.0343 11.6174 4.7797 0
54 -22.2215 9.1438 4.7797 0
55 -23.4439 5.2714 4.7797 0
56 -24.0292 0.0048 4.7797 0
57 -23.3920 -5.4971 4.7797 0
58 -22.7364 -7.7757 4.7797 0
59 -20.6834 -12.2312 4.7797 0
60 -18.9191 -14.8146 4.7797 0
61 -14.8723 -18.8738 4.7797 0
62 -12.6330 -20.4404 4.7797 0
63 -8.2020 -22.5861 4.7797 0
64 -3.5947 -23.7588 4.7797 0
65 1.1494 -24.0017 4.7797 0
66 5.4959 -23.3923 4.7797 0
67 8.3489 -22.5322 4.7797 0
68 11.0826 -21.3209 4.7797 0
69 14.6414 -19.0534 4.7797 0
70 17.9409 -15.9852 4.7797 0
71 21.2928 -11.1365 4.7797 0
72 22.3227 -8.8939 4.7797 0
73 23.8072 -3.2593 4.7797 0
74 22.6240 -0.7076 9.3757 0
75 22.0016 5.3172 9.3757 0
76 21.2525 7.7894 9.3757 0
77 19.6722 11.1960 9.3757 0
78 17.1824 14.7346 9.3757 0
79 13.3838 18.2543 9.3757 0
80 10.1552 20.2291 9.3757 0
81 6.5870 21.6554 9.3757 0
82 1.1781 22.6044 9.3757 0
83 -2.3226 22.5156 9.3757 0
84 -6.3262 21.7330 9.3757 0
85 -11.1063 19.7230 9.3757 0
86 -13.1645 18.4131 9.3757 0
87 -17.1973 14.7173 9.3757 0
88 -19.6040 11.3150 9.3757 0
89 -20.9851 8.4835 9.3757 0
90 -22.2833 3.9751 9.3757 0
91 -22.6048 1.1698 9.3757 0
92 -22.4428 -2.9438 9.3757 0
93 -21.0757 -8.2559 9.3757 0
94 -18.8281 -12.5637 9.3757 0
95 -15.8977 -16.1124 9.3757 0
96 -14.4414 -17.4296 9.3757 0
97 -9.9190 -20.3460 9.3757 0
98 -6.2756 -21.7477 9.3757 0
99 -3.4251 -22.3744 9.3757 0
100 1.6406 -22.5755 9.3757 0
101 5.2928 -22.0075 9.3757 0
102 10.8095 -19.8872 9.3757 0
103 13.2214 -18.3723 9.3757 0
104 16.7804 -15.1909 9.3757 0
105 18.7432 -12.6901 9.3757 0
106 21.2066 -7.9137 9.3757 0
107 22.1202 -4.8002 9.3757 0
108 20.3673 0.3888 13.6115 0
109 19.8211 4.7012 13.6115 0
110 18.3464 8.8537 13.6115 0
111 16.5535 11.8726 13.6115 0
112 14.3928 14.4161 13.6115 0
113 10.7719 17.2900 13.6115 0
114 5.2953 19.6707 13.6115 0
115 2.9994 20.1490 13.6115 0
116 -2.9450 20.1570 13.6115 0
117 -6.3869 19.3439 13.6115 0
118 -11.2498 16.9830 13.6115 0
119 -12.8216 15.8298 13.6115 0
120 -16.3951 12.0905 13.6115 0
121 -18.1842 9.1822 13.6115 0
122 -20.1354 3.0890 13.6115 0
123 -20.3327 1.2492 13.6115 0
124 -19.7701 -4.9113 13.6115 0
125 -18.2699 -9.0105 13.6115 0
126 -15.9167 -12.7137 13.6115 0
127 -14.3917 -14.4172 13.6115 0
128 -10.4037 -17.5140 13.6115 0
129 -6.8684 -19.1782 13.6115 0
130 -1.3750 -20.3245 13.6115 0
131 1.9572 -20.2768 13.6115 0
132 7.2719 -19.0289 13.6115 0
133 9.4825 -18.0294 13.6115 0
134 13.1822 -15.5309 13.6115 0
135 15.9391 -12.6856 13.6115 0
136 18.2176 -9.1158 13.6115 0
137 20.0987 -3.3198 13.6115 0
138 17.3233 0.1670 17.3241 0
139 16.7954 4.2473 17.3241 0
140 15.6712 7.3850 17.3241 0
141 12.4651 12.0310 17.3241 0
142 9.6297 14.4012 17.3241 0
143 6.4342 16.0850 17.3241 0
144 2.0606 17.2011 17.3241 0
145 -1.8838 17.2214 17.3241 0
146 -5.3048 16.4919 17.3241 0
147 -9.3879 14.5599 17.3241 0
148 -12.4306 12.0667 17.3241 0
149 -15.0208 8.6313 17.3241 0
150 -16.6820 4.6728 17.3241 0
151 -17.3232 0.1733 17.3241 0
152 -17.0215 -3.2241 17.3241 0
153 -14.9296 -8.7882 17.3241 0
154 -12.3308 -12.1686 17.3241 0
155 -9.8570 -14.2466 17.3241 0
156 -6.1643 -16.1903 17.3241 0
157 -2.4253 -17.1535 17.3241 0
158 2.9175 -17.0767 17.3241 0
159 5.8863 -16.2934 17.3241 0
160 9.1602 -14.7043 17.3241 0
161 13.3492 -11.0420 17.3241 0
162 15.2310 -8.2548 17.3241 0
163 16.6830 -4.6693 17.3241 0
164 13.6105 -0.1598 20.3710 0
165 13.1368 3.5631 20.3710 0
166 11.3604 7.4976 20.3710 0
167 7.3945 11.4277 20.3710 0
168 3.4786 13.1595 20.3710 0
169 -0.1251 13.6109 20.3710 0
170 -3.5042 13.1527 20.3710 0
171 -7.6397 11.2653 20.3710 0
172 -10.8666 8.1969 20.3710 0
173 -13.1003 3.6951 20.3710 0
174 -13.5876 0.8054 20.3710 0
175 -13.1598 -3.4772 20.3710 0
176 -11.3264 -7.5489 20.3710 0
177 -7.7987 -11.1558 20.3710 0
178 -3.8380 -13.0592 20.3710 0
179 0.2457 -13.6093 20.3710 0
180 4.1285 -12.9703 20.3710 0
181 8.0637 -10.9658 20.3710 0
182 10.8094 -8.2721 20.3710 0
183 13.0652 -3.8173 20.3710 0
184 9.3685 -0.3680 22.6350 0
185 8.1968 4.5516 22.6350 0
186 5.6300 7.4972 22.6350 0
187 1.2845 9.2873 22.6350 0
188 -3.4633 8.7127 22.6350 0
189 -7.2333 5.9652 22.6350 0
190 -8.9720 2.7218 22.6350 0
191 -8.9684 -2.7337 22.6350 0
192 -6.7972 -6.4577 22.6350 0
193 -3.3393 -8.7609 22.6350 0
194 1.0547 -9.3162 22.6350 0
195 5.2741 -7.7517 22.6350 0
196 8.1928 -4.5587 22.6350 0
197 4.7797 0.0052 24.0292 0
198 2.3841 4.1427 24.0292 0
199 -2.5570 4.0382 24.0292 0
200 -4.7763 -0.1813 24.0292 0
201 -2.3126 -4.1830 24.0292 0
202 2.3249 -4.1762 24.0292 0
203 0.0000 0.0000 -24.5000 0
204 24.0232 -0.5380 -4.7797 0
205 23.3984 5.4699 -4.7797 0
206 23.0116 6.9190 -4.7797 0
207 20.8994 11.8582 -4.7797 0
208 18.6295 15.1772 -4.7797 0
209 14.8393 18.8997 -4.7797 0
210 11.2549 21.2304 -4.7797 0
211 9.0778 22.2486 -4.7797 0
212 4.2023 23.6589 -4.7797 0
213 0.1601 24.0287 -4.7797 0
214 -4.5958 23.5857 -4.7797 0
215 -8.7944 22.3621 -4.7797 0
216 -12.6575 20.4253 -4.7797 0
217 -14.9353 18.8240 -4.7797 0
218 -18.7428 15.0371 -4.7797 0
219 -21.0343 11.6174 -4.7797 0
220 -22.2215 9.1438 -4.7797 0
221 -23.4439 5.2714 -4.7797 0
222 -24.0292 0.0048 -4.7797 0
223 -23.3920 -5.4971 -4.7797 0
224 -22.7364 -7.7757 -4.7797 0
225 -20.6834 -12.2312 -4.7797 0
226 -18.9191 -14.8146 -4.7797 0
227 -14.8723 -18.8738 -4.7797 0
228 -12.6330 -20.4404 -4.7797 0
229 -8.2020 -22.5861 -4.7797 0
230 -3.5947 -23.7588 -4.7797 0
231 1.1494 -24.0017 -4.7797 0
232 5.4959 -23.3923 -4.7797 0
233 8.3489 -22.5322 -4.7797 0
234 11.0826 -21.3209 -4.7797 0
235 14.6414 -19.0534 -4.7797 0
236 17.9409 -15.9852 -4.7797 0
237 21.2928 -11.1365 -4.7797 0
238 22.3227 -8.8939 -4.7797 0
239 23.8072 -3.2593 -4.7797 0
240 22.6240 -0.7076 -9.3757 0
241 22.0016 5.3172 -9.3757 0
242 21.2525 7.7894 -9.3757 0
243 19.6722 11.1960 -9.3757 0
244 17.1824 14.7346 -9.3757 0
245 13.3838 18.2543 -9.3757 0
246 10.1552 20.2291 -9.3757 0
247 6.5870 21.6554 -9.3757 0
248 1.1781 22.6044 -9.3757 0
249 -2.3226 22.5156 -9.3757 0
250 -6.3262 21.7330 -9.3757 0
251 -11.1063 19.7230 -9.3757 0
252 -13.1645 18.4131 -9.3757 0
253 -17.1973 14.7173 -9.3757 0
254 -19.6040 11.3150 -9.3757 0
255 -20.9851 8.4835 -9.3757 0
256 -22.2833 3.9751 -9.3757 0
257 -22.6048 1.1698 -9.3757 0
258 -22.4428 -2.9438 -9.3757 0
259 -21.0757 -8.2559 -9.3757 0
260 -18.8281 -12.5637 -9.3757 0
261 -15.8977 -16.1124 -9.3757 0
262 -14.4414 -17.4296 -9.3757 0
263 -9.9190 -20.3460 -9.3757 0
264 -6.2756 -21.7477 -9.3757 0
265 -3.4251 -22.3744 -9.3757 0
266 1.6406 -22.5755 -9.3757 0
267 5.2928 -22.0075 -9.3757 0
268 10.8095 -19.8872 -9.3757 0
269 13.2214 -18.3723 -9.3757 0
270 16.7804 -15.1909 -9.3757 0
271 18.7432 -12.6901 -9.3757 0
272 21.2066 -7.9137 -9.3757 0
273 22.1202 -4.8002 -9.3757 0
274 20.3673 0.3888 -13.6115 0
275 19.8211 4.7012 -13.6115 0
276 18.3464 8.8537 -13.6115 0
277 16.5535 11.8726 -13.6115 0
278 14.3928 14.4161 -13.6115 0
279 10.7719 17.2900 -13.6115 0
280 5.2953 19.6707 -13.6115 0
281 2.9994 20.1490 -13.6115 0
282 -2.9450 20.1570 -13.6115 0
283 -6.3869 19.3439 -13.6115 0
284 -11.2498 16.9830 -13.6115 0
285 -12.8216 15.8298 -13.6115 0
286 -16.3951 12.0905 -13.6115 0
287 -18.1842 9.1822 -13.6115 0
288 -20.1354 3.0890 -13.6115 0
289 -20.3327 1.2492 -13.6115 0
290 -19.7701 -4.9113 -13.6115 0
291 -18.2699 -9.0105 -13.6115 0
292 -15.9167 -12.7137 -13.6115 0
293 -14.3917 -14.4172 -13.6115 0
294 -10.4037 -17.5140 -13.6115 0
295 -6.8684 -19.1782 -13.6115 0
296 -1.3750 -20.3245 -13.6115 0
297 1.9572 -20.2768 -13.6115 0
298 7.2719 -19.0289 -13.6115 0
299 9.4825 -18.0294 -13.6115 0
300 13.1822 -15.5309 -13.6115 0
301 15.9391 -12.6856 -13.6115 0
302 18.2176 -9.1158 -13.6115 0
303 20.0987 -3.3198 -13.6115 0
304 17.3233 0.1670 -17.3241 0
305 16.7954 4.2473 -17.3241 0
306 15.6712 7.3850 -17.3241 0
307 12.4651 12.0310 -17.3241 0
308 9.6297 14.4012 -17.3241 0
309 6.4342 16.0850 -17.3241 0
310 2.0606 17.2011 -17.3241 0
311 -1.8838 17.2214 -17.3241 0
312 -5.3048 16.4919 -17.3241 0
313 -9.3879 14.5599 -17.3241 0
314 -12.4306 12.0667 -17.3241 0
315 -15.0208 8.6313 -17.3241 0
316 -16.6820 4.6728 -17.3241 0
317 -17.3232 0.1733 -17.3241 0
318 -17.0215 -3.2241 -17.3241 0
319 -14.9296 -8.7882 -17.3241 0
320 -12.3308 -12.1686 -17.3241 0
321 -9.8570 -14.2466 -17.3241 0
322 -6.1643 -16.1903 -17.3241 0
323 -2.4253 -17.1535 -17.3241 0
324 2.9175 -17.0767 -17.3241 0
325 5.8863 -16.2934 -17.3241 0
326 9.1602 -14.7043 -17.3241 0
327 13.3492 -11.0420 -17.3241 0
328 15.2310 -8.2548 -17.3241 0
329 16.6830 -4.6693 -17.3241 0
330 13.6105 -0.1598 -20.3710 0
331 13.1368 3.5631 -20.3710 0
332 11.3604 7.4976 -20.3710 0
333 7.3945 11.4277 -20.3710 0
334 3.4786 13.1595 -20.3710 0
335 -0.1251 13.6109 -20.3710 0
336 -3.5042 13.1527 -20.3710 0
337 -7.6397 11.2653 -20.3710 0
338 -10.8666 8.1969 -20.3710 0
339 -13.1003 3.6951 -20.3710 0
340 -13.5876 0.8054 -20.3710 0
341 -13.1598 -3.4772 -20.3710 0
342 -11.3264 -7.5489 -20.3710 0
343 -7.7987 -11.1558 -20.3710 0
344 -3.8380 -13.0592 -20.3710 0
345 0.2457 -13.6093 -20.3710 0
346 4.1285 -12.9703 -20.3710 0
347 8.0637 -10.9658 -20.3710 0
348 10.8094 -8.2721 -20.3710 0
349 13.0652 -3.8173 -20.3710 0
350 9.3685 -0.3680 -22.6350 0
351 8.1968 4.5516 -22.6350 0
352 5.6300 7.4972 -22.6350 0
353 1.2845 9.2873 -22.6350 0
354 -3.4633 8.7127 -22.6350 0
355 -7.2333 5.9652 -22.6350 0
356 -8.9720 2.7218 -22.6350 0
357 -8.9684 -2.7337 -22.6350 0
358 -6.7972 -6.4577 -22.6350 0
359 -3.3393 -8.7609 -22.6350 0
360 1.0547 -9.3162 -22.6350 0
361 5.2741 -7.7517 -22.6350 0
362 8.1928 -4.5587 -22.6350 0
363 4.7797 0.0052 -24.0292 0
364 2.3841 4.1427 -24.0292 0
365 -2.5570 4.0382 -24.0292 0
366 -4.7763 -0.1813 -24.0292 0
367 -2.3126 -4.1830 -24.0292 0
368 2.3249 -4.1762 -24.0292 0
734
0 197 198
0 197 202
0 198 199
0 199 200
0 200 201
0 201 202
1 2 39
1 2 205
1 37 38
1 37 204
1 38 39
1 204 205
2 3 39
2 3 205
3 4 41
3 4 207
3 39 40
3 40 41
3 205 206
3 206 207
4 5 42
4 5 208
4 41 42
4 207 208
5 6 42
5 6 208
6 7 43
6 7 209
6 42 43
6 208 209
7 8 44
7 8 210
7 43 44
7 209 210
8 9 46
8 9 212
8 44 45
8 45 46
8 210 211
8 211 212
9 10 47
9 10 213
9 46 47
9 212 213
10 11 47
10 11 213
11 12 48
11 12 214
11 47 48
11 213 214
12 13 49
12 13 215
12 48 49
12 214 215
13 14 50
13 14 216
13 49 50
13 215 216
14 15 51
14 15 217
14 50 51
14 216 217
15 16 52
15 16 218
15 51 52
15 217 218
16 17 53
16 17 219
16 52 53
16 218 219
17 18 54
17 18 220
17 53 54
17 219 220
18 19 55
18 19 221
18 54 55
18 220 221
19 20 56
19 20 222
19 55 56
19 221 222
20 21 57
20 21 223
20 56 57
20 222 223
21 22 58
21 22 224
21 57 58
21 223 224
22 23 59
22 23 225
22 58 59
22 224 225
23 24 60
23 24 226
23 59 60
23 225 226
24 25 61
24 25 227
24 60 61
24 226 227
25 26 62
25 26 228
25 61 62
25 227 228
26 27 63
26 27 229
26 62 63
26 228 229
27 28 64
27 28 230
27 63 64
27 229 230
28 29 65
28 29 231
28 64 65
28 230 231
29 30 65
29 30 231
30 31 66
30 31 232
30 65 66
30 231 232
31 32 68
31 32 234
31 66 67
31 67 68
31 232 233
31 233 234
32 33 69
32 33 235
32 68 69
32 234 235
33 34 70
33 34 236
33 69 70
33 235 236
34 35 70
34 35 236
35 36 72
35 36 238
35 70 71
35 71 72
35 236 237
35 237 238
36 37 73
36 37 239
36 72 73
36 238 239
37 38 73
37 204 239
38 39 75
38 73 74
38 74 75
39 40 75
40 41 76
40 75 76
41 42 77
41 76 77
42 43 78
42 77 78
43 44 79
43 78 79
44 45 80
44 79 80
45 46 81
45 80 81
46 47 82
46 81 82
47 48 83
47 82 83
48 49 84
48 83 84
49 50 85
49 84 85
50 51 86
50 85 86
51 52 87
51 86 87
52 53 88
52 87 88
53 54 89
53 88 89
54 55 89
55 56 91
55 89 90
55 90 91
56 57 92
56 91 92
57 58 93
57 92 93
58 59 93
59 60 94
59 93 94
60 61 95
60 94 95
61 62 96
61 95 96
62 63 97
62 96 97
63 64 98
63 97 98
64 65 99
64 98 99
65 66 100
65 99 100
66 67 101
66 100 101
67 68 102
67 101 102
68 69 103
68 102 103
69 70 104
69 103 104
70 71 105
70 104 105
71 72 106
71 105 106
72 73 107
72 106 107
73 74 107
74 75 108
74 107 137
74 108 137
75 76 109
75 108 109
76 77 110
76 109 110
77 78 111
77 110 111
78 79 112
78 111 112
79 80 113
79 112 113
80 81 114
80 113 114
81 82 115
81 114 115
82 83 116
82 115 116
83 84 116
84 85 117
84 116 117
85 86 118
85 117 118
86 87 119
86 118 119
87 88 120
87 119 120
88 89 121
88 120 121
89 90 122
89 121 122
90 91 122
91 92 123
91 122 123
92 93 124
92 123 124
93 94 125
93 124 125
94 95 126
94 125 126
95 96 127
95 126 127
96 97 128
96 127 128
97 98 129
97 128 129
98 99 129
99 100 130
99 129 130
100 101 131
100 130 131
101 102 132
101 131 132
102 103 133
102 132 133
103 104 134
103 133 134
104 105 135
104 134 135
105 106 136
105 135 136
106 107 137
106 136 137
108 109 138
108 137 138
109 110 139
109 138 139
110 111 140
110 139 140
111 112 141
111 140 141
112 113 142
112 141 142
113 114 143
113 142 143
114 115 144
114 143 144
115 116 145
115 144 145
116 117 146
116 145 146
117 118 147
117 146 147
118 119 147
119 120 148
119 147 148
120 121 149
120 148 149
121 122 150
121 149 150
122 123 151
122 150 151
123 124 152
123 151 152
124 125 152
125 126 153
125 152 153
126 127 154
126 153 154
127 128 155
127 154 155
128 129 156
128 155 156
129 130 157
129 156 157
130 131 157
131 132 158
131 157 158
132 133 159
132 158 159
133 134 160
133 159 160
134 135 161
134 160 161
135 136 162
135 161 162
136 137 163
136 162 163
137 138 163
138 139 165
138 163 164
138 164 165
139 140 165
140 141 166
140 165 166
141 142 167
141 166 167
142 143 167
143 144 168
143 167 168
144 145 169
144 168 169
145 146 170
145 169 170
146 147 171
146 170 171
147 148 171
148 149 172
148 171 172
149 150 173
149 172 173
150 151 174
150 173 174
151 152 174
152 153 175
152 174 175
153 154 176
153 175 176
154 155 177
154 176 177
155 156 177
156 157 178
156 177 178
157 158 179
157 178 179
158 159 180
158 179 180
159 160 180
160 161 181
160 180 181
161 162 182
161 181 182
162 163 183
162 182 183
163 164 183
164 165 184
164 183 184
165 166 185
165 184 185
166 167 186
166 185 186
167 168 186
168 169 187
168 186 187
169 170 188
169 187 188
170 171 188
171 172 189
171 188 189
172 173 190
172 189 190
173 174 190
174 175 191
174 190 191
175 176 191
176 177 192
176 191 192
177 178 193
177 192 193
178 179 193
179 180 194
179 193 194
180 181 195
180 194 195
181 182 195
182 183 196
182 195 196
183 184 196
184 185 197
184 196 197
185 186 198
185 197 198
186 187 198
187 188 199
187 198 199
188 189 199
189 190 199
190 191 200
190 199 200
191 192 200
192 193 201
192 200 201
193 194 201
194 195 202
194 201 202
195 196 202
196 197 202
203 363 364
203 363 368
203 364 365
203 365 366
203 366 367
203 367 368
204 205 241
204 239 240
204 240 241
205 206 241
206 207 242
206 241 242
207 208 243
207 242 243
208 209 244
208 243 244
209 210 245
209 244 245
210 211 246
210 245 246
211 212 247
211 246 247
212 213 248
212 247 248
213 214 249
213 248 249
214 215 250
214 249 250
215 216 251
215 250 251
216 217 252
216 251 252
217 218 253
217 252 253
218 219 254
218 253 254
219 220 255
219 254 255
220 221 255
221 222 257
221 255 256
221 256 257
222 223 258
222 257 258
223 224 259
223 258 259
224 225 259
225 226 260
225 259 260
226 227 261
226 260 261
227 228 262
227 261 262
228 229 263
228 262 263
229 230 264
229 263 264
230 231 265
230 264 265
231 232 266
231 265 266
232 233 267
232 266 267
233 234 268
233 267 268
234 235 269
234 268 269
235 236 270
235 269 270
236 237 271
236 270 271
237 238 272
237 271 272
238 239 273
238 272 273
239 240 273
240 241 274
240 273 303
240 274 303
241 242 275
241 274 275
242 243 276
242 275 276
243 244 277
243 276 277
244 245 278
244 277 278
245 246 279
245 278 279
246 247 280
246 279 280
247 248 281
247 280 281
248 249 282
248 281 282
249 250 282
250 251 283
250 282 283
251 252 284
251 283 284
252 253 285
252 284 285
253 254 286
253 285 286
254 255 287
254 286 287
255 256 288
255 287 288
256 257 288
257 258 289
257 288 289
258 259 290
258 289 290
259 260 291
259 290 291
260 261 292
260 291 292
261 262 293
261 292 293
262 263 294
262 293 294
263 264 295
263 294 295
264 265 295
265 266 296
265 295 296
266 267 297
266 296 297
267 268 298
267 297 298
268 269 299
268 298 299
269 270 300
269 299 300
270 271 301
270 300 301
271 272 302
271 301 302
272 273 303
272 302 303
274 275 304
274 303 304
275 276 305
275 304 305
276 277 306
276 305 306
277 278 307
277 306 307
278 279 308
278 307 308
279 280 309
279 308 309
280 281 310
280 309 310
281 282 311
281 310 311
282 283 312
282 311 312
283 284 313
283 312 313
284 285 313
285 286 314
285 313 314
286 287 315
286 314 315
287 288 316
287 315 316
288 289 317
288 316 317
289 290 318
289 317 318
290 291 318
291 292 319
291 318 319
292 293 320
292 319 320
293 294 321
293 320 321
294 295 322
294 321 322
295 296 323
295 322 323
296 297 323
297 298 324
297 323 324
298 299 325
298 324 325
299 300 326
299 325 326
300 301 327
300 326 327
301 302 328
301 327 328
302 303 329
302 328 329
303 304 329
304 305 331
304 329 330
304 330 331
305 306 331
306 307 332
306 331 332
307 308 333
307 332 333
308 309 333
309 310 334
309 333 334
310 311 335
310 334 335
311 312 336
311 335 336
312 313 337
312 336 337
313 314 337
314 315 338
314 337 338
315 316 339
315 338 339
316 317 340
316 339 340
317 318 340
318 319 341
318 340 341
319 320 342
319 341 342
320 321 343
320 342 343
321 322 343
322 323 344
322 343 344
323 324 345
323 344 345
324 325 346
324 345 346
325 326 346
326 327 347
326 346 347
327 328 348
327 347 348
328 329 349
328 348 349
329 330 349
330 331 350
330 349 350
331 332 351
331 350 351
332 333 352
332 351 352
333 334 352
334 335 353
334 352 353
335 336 354
335 353 354
336 337 354
337 338 355
337 354 355
338 339 356
338 355 356
339 340 356
340 341 357
340 356 357
341 342 357
342 343 358
342 357 358
343 344 359
343 358 359
344 345 359
345 346 360
345 359 360
346 347 361
346 360 361
347 348 361
348 349 362
348 361 362
349 350 362
350 351 363
350 362 363
351 352 364
351 363 364
352 353 364
353 354 365
353 364 365
354 355 365
355 356 365
356 357 366
356 365 366
357 358 366
358 359 367
358 366 367
359 360 367
360 361 368
360 367 368
361 362 368
362 363 368
